00337698570105200500028025
00358046920105200500028113
00393586110105200500028998
00398227760105200500028545
00400297370105200500028138
00402585820105200500028358
00403880870105200500028921
00404643790105200500028114
00407189310105200500028775
00415507320105200500028915
00420590560105200500028051
00421843140105200500028020
00425001940105200500028266
00431986100105200500028904
00435859160105200500028053
00435946130105200500028514
004368471K0105200500028405
00437494390105200500028811
00441126040105200500028489
00442074510105200500028590
00442988800105200500028804
00445091990105200500028954
00447178750105200500028956
00449029310105200500028126
00449465050105200500028870
00450770390105200500028144
00451391660105200500029814
004527859K0105200500028806
00454508210105200500028036
00456198690105200500028880
004572851K0105200500028730
00458337200105200500028675
004587771K0105200500028477
00459091740105200500028897
00459800810105200500028038
00461515500105200500028152
00461780170105200500028341
00463949250105200500028553
00464495090105200500028891
00464514300105200500028838
00464756660105200500028304
004649377K0105200500028526
00466751690105200500028969
00467645010105200500028391
00467992910105200500028476
00468971290105200500028944
00469090540105200500028422
00472953780105200500028795
00473743830105200500044151
00478076380105200500028153
00478580110105200500028918
004797349K0105200500028601
00479899570105200500028026
00479927960105200500028468
00480729330105200500028472
00482096530105200500028160
004821505K0105200500028274
00482204520105200500028815
00482244310105200500028375
00483018350105200500028022
00483161150105200500028777
00483512390105200500028745
00484504820105200500028151
00486157830105200500028986
00487947340105200500028938
00489151910105200500028613
00489435510105200500028961
00490466340105200500028246
00490470960105200500028327
00491214660105200500028560
00493514290105200500028731
00493565280105200500028225
00493635320105200500028801
00495075500105200500028845
00496947250105200500028268
00497640300105200500028887
00499424860105200500028247
00499754810105200500028992
00499860170105200500028586
00500252330105200500028032
00500297000105200500028418
005006400K0105200500028908
00500720290105200500028736
00501546020105200500028886
00501576790105200500028174
00502221280105200500028670
00502622000105200500028008
00502982560105200500028941
00503200220105200500028352
00503298520105200500028360
00504105790105200500028909
00504178590105200500028685
00504456580105200500028796
00504587410105200500028942
005052552K0105200500028465
00506343530105200500028434
00506583920105200500028594
00506608260105200500028829
00508392140105200500028879
00509170610105200500028333
00509565040105200500028608
005102110K0105200500028595
005109705K0105200500028150
005117254K0105200500028186
00511869820105200500028531
00512267550105200500028007
00514121760105200500028169
005151792K0105200500028181
00515474380105200500028176
00515582860105200500028798
00515714010105200500028446
00515987680105200500028137
00517649190105200500028964
00518325900105200500028982
00518848090105200500028012
00521459960105200500028374
00521739490105200500028394
00524073970105200500028959
005260673K0105200500028596
00526168750105200500028742
00526255990105200500028833
00526320800105200500028812
00526874110105200500028362
00527513140105200500028916
00527796930105200500028437
00528136620105200500028519
00529001580105200500028060
005293219K0105200500028639
00529404860105200500028763
00530046360105200500028598
00530227150105200500028952
00530713250105200500028135
00530859970105200500028708
00532918210105200500028619
00533472310105200500028927
00533795590105200500028503
00533795750105200500028758
005347683K0105200500028637
00535092900105200500028522
00535338920105200500028492
00535406430105200500028436
00535464980105200500028597
005354651K0105200500028454
00535752770105200500028566
005361230K0105200500028614
00536572490105200500028571
00536610090105200500028322
00536951080105200500028230
00537665950105200500028826
00537707620105200500028508
00538560630105200500028990
00538666540105200500028808
00539077330105200500028917
00539203060105200500028027
00539585400105200500028581
00539864630105200500028163
00540484080105200500028392
00540644700105200500028617
00540994280105200500028354
00541782470105200500028901
00542716970105200500028585
00542796980105200500028185
00543499040105200500028797
00543931640105200500028158
00544220830105200500028784
00544243880105200500028807
00544383380105200500028565
00544597690105200500028457
00545374410105200500028835
00545615040105200500028951
005458704K0105200500028275
00545969600105200500028536
00546109470105200500028215
00546378450105200500028651
00548626600105200500028346
00548702560105200500028428
005490407K0105200500028453
00549480340105200500028395
00551556900105200500028748
00551884590105200500028558
00551957570105200500028659
00553673020105200500028809
00553917930105200500028645
00554064800105200500028269
00558169130105200500028589
00558506580105200500028843
00558866950105200500028252
00559487040105200500028852
00559649980105200500028224
00560019720105200500028893
00560226430105200500028851
00560792620105200500028997
00561100460105200500028045
00561169740105200500028206
00561728740105200500028156
00564381300105200500028907
00564406740105200500028828
00565126750105200500028841
00565272060105200500028402
00566120170105200500028799
00568841060105200500028117
00568891400105200500028663
00569751600105200500028382
00571354680105200500028125
00572000730105200500028746
00572194080105200500028497
005722388K0105200500028972
00572729290105200500028999
00573328830105200500028525
00573516670105200500028129
00575891910105200500028960
00575983950105200500028971
00577314860105200500028991
00577858960105200500028444
00580162760105200500028351
00580760580105200500028957
005828372K0105200500028603
00582849120105200500028871
00584254780105200500028433
00584632480105200500028950
00585255370105200500028229
00585313320105200500028570
00585359070105200500028556
00586359600105200500028162
00586894240105200500028235
00588005970105200500028510
005881959K0105200500028919
00588736750105200500028576
00589004000105200500028059
00589421620105200500028967
00589959400105200500028149
00590131730105200500028747
00591214720105200500028996
00591248380105200500028130
00593217650105200500028922
00594381070105200500028498
00594396260105200500044152
00595551970105200500028290
00595648030105200500028825
00595666360105200500028421
00596105540105200500028727
00596874840105200500028814
00597523400105200500028233
00598469140105200500028944
00598880990105200500028491
00599069250105200500028615
00599888160105200500028297
00600276250105200500028898
00601923910105200500028049
00604376530105200500028456
006058401K0105200500028948
00607599280105200500028131
00608852060105200500028180
00609800200105200500028824
00610125670105200500028035
00611414480105200500028523
00611751130105200500028063
00613164260105200500028486
00613826660105200500018120
00614706460105200500028781
00614847440105200500028011
00614876030105200500028401
00615038380105200500029000
00615234990105200500028953
00615729610105200500028013
00615830090105200500028840
00616220630105200500028836
00616400610105200500028473
00617050900105200500028949
00617412750105200500028930
00617886380105200500028313
00618095620105200500028641
00618418220105200500028067
00618814680105200500028425
00619181910105200500028899
00620282970105200500028288
00621957700105200500028250
00623796340105200500028002
00626346260105200500028159
00626855140105200500028779
00627402560105200500028184
00627610080105200500028827
00630377100105200500028331
00630428110105200500028800
00630688880105200500028122
00630976400105200500028281
00631681140105200500028509
00631981100105200500028415
00632434340105200500028698
00632469800105200500028892
00632509370105200500028146
00632957360105200500028822
00633033210105200500028386
00635495410105200500028766
00636990200105200500028399
006397269K0105200500028823
00639847440105200500028015
00639934840105200500028200
00639971960105200500028783
00640052270105200500028905
00640315970105200500028464
00641391340105200500028226
00645284750105200500028834
00645501010105200500028869
00646390210105200500028912
006465005K0105200500028885
00646855970105200500028744
00646991130105200500028057
006473203K0105200500028857
00647503990105200500028335
00647705860105200500028121
00648439820105200500028066
00648704160105200500028973
00650011790105200500028234
00650300390105200500028199
006505504K0105200500028052
00650635060105200500028883
00650751640105200500028270
00651120940105200500028995
00651934420105200500028888
00652232010105200500028197
00653078120105200500028031
00654554710105200500028039
00654740420105200500028979
00654824440105200500028409
00657196220105200500028640
00660242960105200500028962
00660666490105200500028010
00661189160105200500028050
00661697310105200500028145
00662758410105200500028459
00664110600105200500028542
00664282490105200500028821
00665849680105200500028065
00666802580105200500028479
00671756460105200500028582
00674349940105200500028559
00674839870105200500028856
00675589600105200500028116
00675724830105200500028408
00676354770105200500028272
00676917410105200500028413
00677321700105200500028487
00677328040105200500028988
00677400920105200500028767
00677570920105200500028515
00678879130105200500028023
00679856130105200500028174
00680042680105200500028720
00680222230105200500028417
00680476410105200500028292
00680527500105200500028890
00680945340105200500028204
00681480220105200500028179
00683062640105200500028900
00683424140105200500028148
00683991650105200500028987
00684074430105200500028684
00685440680105200500028018
00688112600105200500028768
00688296660105200500028161
00690219800105200500028363
00690981770105200500028867
00691167280105200500028743
00693532820105200500028441
00694122700105200500028642
006942791K0105200500028862
00695197090105200500028432
00696956120105200500028364
00698293330105200500028488
00699004100105200500028672
006997323K0105200500028345
00705034250105200500028578
00706544580105200500028258
00706808820105200500028243
00708157610105200500028974
00709910200105200500028943
00709982890105200500028759
00711482700105200500028728
00711942560105200500028385
00712210750105200500028192
00712317040105200500028587
00713997880105200500028254
00714278110105200500028474
00714294070105200500028237
00714296520105200500044161
00714913580105200500028567
00715676990105200500028406
00715957810105200500028019
00718186240105200500028963
00718187990105200500028753
00718272910105200500028478
007186281K0105200500028557
00718761600105200500028872
00721934660105200500028172
00723403370105200500028411
00726059500105200500028769
007274442K0105200500028782
00729266250105200500028955
00732682650105200500028411
00733071200105200500044153
00733515880105200500028975
00733555590105200500028551
00733607490105200500028654
00735264260105200500028593
00735481790105200500028154
007375433K0105200500028267
00738245910105200500028945
00738512890105200500028443
00739090230105200500028896
00739725230105200500028014
00739850990105200500028306
00740724100105200500028532
00740796440105200500028480
00742473850105200500028236
00742644410105200500028388
007426445K0105200500028934
00742863800105200500028785
00743319980105200500028734
00745005600105200500028858
00745867160105200500028624
00746485170105200500028626
007505520K0105200500028424
00750882210105200500028842
00755336590105200500028112
00755622090105200500028757
00755641470105200500028315
00755710380105200500028485
00755713210105200500028741
00756099570105200500028579
00759015180105200500028926
00759738960105200500028606
00759852740105200500028533
00759865720105200500028496
00760408260105200500028483
00761276460105200500028427
00762879960105200500028569
00763371280105200500028643
00764678890105200500028538
007647432K0105200500028786
00766630170105200500028201
00766718340105200500028347
00766890080105200500028342
007671195K0105200500028882
00769344950105200500028028
00770116250105200500028142
00770579940105200500028037
00772918140105200500028324
00774901830105200500028631
00775054150105200500028419
00776165350105200500028064
00776383260105200500028751
00776396750105200500028285
00776673180105200500028284
00776820310105200500028780
00779009260105200500028164
00779595050105200500028704
00779763530105200500028710
00782171380105200500028178
00782273620105200500028336
007829678K0105200500028620
00783071100105200500028718
007852278K0105200500028177
00786702310105200500028864
00787262100105200500028447
00787441890105200500028349
00788106020105200500028289
00788792030105200500028681
00789372460105200500028353
00789967570105200500028046
00790347970105200500028832
00790930410105200500028656
00791298600105200500028906
00791298790105200500028583
00791448860105200500028861
00791791400105200500028191
00792862730105200500028521
00793506800105200500028966
00794260080105200500028273
007949173K0105200500028518
007961159K0105200500028198
00796433270105200500028669
00796915770105200500028404
007971027K0105200500028787
00797986060105200500028860
00799010400105200500028128
00799275460105200500028307
00801761710105200500028920
00801908320105200500028155
00802359840105200500028175
00805387150105200500028355
00805858370105200500028047
008059867K0105200500028788
00806671590105200500028609
00807129870105200500028658
008071551K0105200500028577
00808410780105200500028993
00808561210105200500028863
00809048190105200500028752
00809056020105200500028859
00809368690105200500028702
00809399650105200500028875
00809583740105200500028555
00809903830105200500028705
00809940600105200500028817
00810415710105200500044171
008130520K0105200500028591
00813733960105200500028482
00813936990105200500028749
00814153820105200500028561
00814790890105200500028874
00815513910105200500028772
00815717160105200500028865
00816137020105200500028754
00816204070105200500028662
00816563200105200500028034
00817258530105200500028612
00818735930105200500028136
00818881750105200500028369
00819592420105200500028212
008208827K0105200500028756
00821475350105200500028318
00822358330105200500028115
00822366270105200500028279
00822659020105200500028965
00823431210105200500028440
00823815110105200500028913
00825341800105200500028895
00826431840105200500044169
00828118500105200500028764
00828120590105200500028203
00828499390105200500028778
00828686900105200500028356
008301170K0105200500028866
00830188440105200500028124
00830282700105200500028283
00830433690105200500028537
00830981710105200500028623
00831880650105200500028602
00834727820105200500028598
00836480230105200500028061
00837526610105200500028928
00838369380105200500028527
00839432030105200500028343
00839736250105200500028139
00840536190105200500028133
00843356570105200500028735
008434348K0105200500028244
00843658820105200500028935
00844887390105200500028238
00845175180105200500028361
00848243720105200500028439
00850800910105200500028259
008523370K0105200500028251
00852884310105200500028689
00852899500105200500028616
008557230K0105200500028058
00856996010105200500028311
00859118480105200500028438
00860526870105200500028644
00860545310105200500028540
00860867000105200500028173
00860936420105200500028789
00860986520105200500028706
00861783620105200500028377
00863201420105200500028562
00864172000105200500028715
00867256490105200500028157
00868455120105200500028762
00868524890105200500028924
00870063790105200500028655
008708731K0105200500028166
00872221790105200500028216
00872835770105200500028923
00873116510105200500028792
00873213470105200500028721
00874519920105200500028294
00874632300105200500028062
00875930020105200500028677
00876629340105200500028599
00877781500105200500028884
00878809820105200500028255
00879826880105200500028378
00880178460105200500028143
00880429480105200500028813
00881571680105200500028371
00883051910105200500028544
00883672190105200500028301
008839447K0105200500028271
008841439K0105200500028548
00884442210105200500028481
00884878420105200500028568
00885400770105200500028932
00885921820105200500028326
00886295660105200500028534
00887460150105200500028668
00888042870105200500028848
00890280940105200500028291
00891115440105200500028430
00891803760105200500028790
00891955940105200500028657
00892083430105200500028314
008923655K0105200500028373
008929911K0105200500028741
00893732390105200500028621
00893774470105200500028217
00894071170105200500028209
00898171530105200500028983
00899743640105200500028633
009013440K0105200500028494
00901703760105200500028249
00902178010105200500028449
00902193670105200500028366
00902327110105200500028393
00902344980105200500028618
00903725130105200500028732
00904891430105200500028650
00905145980105200500028257
00905246820105200500028338
00906704840105200500028692
00906909300105200500028660
00907428840105200500028296
00907439960105200500028709
00908586450105200500028773
00910118910105200500028205
00910122780105200500028359
00910288240105200500028495
00910812290105200500028717
00911258110105200500028334
00911408290105200500028403
00913298910105200500028774
00914215850105200500028719
00914748400105200500028147
00916209280105200500028777
00916471170105200500028889
00916813580105200500028630
00917708220105200500028849
00918057900105200500028819
00918827280105200500028193
00919610400105200500028379
00919964210105200500028542
009200161K0105200500028339
00922198010105200500028400
00922256660105200500028512
00923215760105200500028607
00923399040105200500028776
00924776810105200500028466
00924809330105200500028632
00926977380105200500028903
00927492230105200500028652
00927643620105200500028054
00928612600105200500028647
00928966090105200500028412
00929030360105200500028770
00929057800105200500028228
00930153120105200500028321
00931741510105200500028661
00932387880105200500028839
00932521520105200500028994
00932902320105200500028846
00936004520105200500028029
00936330240105200500028939
00937024170105200500028196
00939097710105200500028398
00939914190105200500028580
009399485K0105200500028194
00942315230105200500028830
009426006K0105200500028513
00942965280105200500028653
00943107760105200500028168
00944101500105200500028445
00944292690105200500028372
00945855540105200500028213
00945908090105200500028981
00946453520105200500028431
00946644890105200500028312
00946645940105200500028750
00946678790105200500028490
00946701010105200500028724
00950754950105200500028357
009514800K0105200500028442
00951581960105200500028323
00952593320105200500028584
00953720820105200500028725
00954184650105200500028429
00956159610105200500028319
00956326610105200500028414
00956473670105200500028308
00956674300105200500028140
00963885940105200500028188
00964384780105200500028287
00964950130105200500028649
00968557370105200500028961
00968648840105200500028535
00970545090105200500028925
00973456270105200500028686
00976526270105200500028524
00977468260105200500028931
00977553960105200500028716
009780592K0105200500028320
00978132210105200500028469
009789261K0105200500028328
00978963050105200500028055
00979250620105200500028460
00979982560105200500028300
00980010420105200500028240
00981224000105200500028873
00981497400105200500028298
00981945680105200500028946
00982456340105200500028627
00982673950105200500028467
00983502840105200500028712
00983503730105200500028976
00983638310105200500028242
009839124K0105200500028344
00984373390105200500028648
00984470160105200500028737
00984695830105200500028448
00984897460105200500028816
00986006200105200500028182
00986012280105200500028755
00986401420105200500028676
009879221K0105200500028450
00988545680105200500028520
00988708220105200500028365
00988859000105200500028707
00992861560105200500025816
009929423K0105200500028278
00993122970105200500028241
00994413990105200500020299
00995138530105200500028295
00998541620105200500028635
01000310350105200500028592
01000726610105200500028253
01001202080105200500028547
01001234520105200500028902
010014669K0105200500028554
01001874420105200500044169
01002155000105200500028384
010022562K0105200500028451
01004499270105200500028546
010060938K0105200500028118
01006106980105200500028625
01006299680105200500028207
01006868640105200500028119
01007547890105200500028713
01007954690105200500028600
01008283590105200500028332
01008559330105200500028276
01008571110105200500028947
01010381810105200500028711
01010388230105200500028309
01010698770105200500028190
01013770830105200500028761
01013803780105200500028282
01014712840105200500028929
010150431K0105200500028980
01015112430105200500028879
010153068K0105200500028793
01016078520105200500028537
01017757120105200500028680
01019118290105200500028517
01019729330105200500028407
01020154600105200500028722
01020476990105200500028471
01020969750105200500028227
01021435070105200500028337
010228626K0105200500028461
01022862780105200500028740
01023118330105200500028248
01024006740105200500028330
01026950970105200500028475
01027284910105200500028048
01031572180105200500028329
01032018100105200500028420
01032090990105200500028416
01032931890105200500028611
01036088640105200500028794
01036671780105200500028543
01038187100105200500028348
010391972K0105200500028646
01040688630105200500028214
010415980K0105200500028458
01041621500105200500028733
01041642340105200500028187
01042035740105200500028703
01042346230105200500028305
01045560270105200500028564
01046743720105200500028245
01046858030105200500028690
01046967590105200500020380
01049358770105200500028033
01049381320105200500028293
01050286280105200500028837
01050591240105200500028211
01051197710105200500028239
01051490770105200500028195
010538937K0105200500028493
01054072700105200500028550
01054172760105200500028910
01055060150105200500028410
01055081230105200500028208
01055087350105200500028760
01058261410105200500028881
01062540600105200500028167
01068343930105200500028123
01068478860105200500028810
01068515810105200500028636
01068698980105200500028303
01069469810105200500028317
01070974300105200500028286
01070991070105200500028302
01073391160105200500028541
01073446910105200500028223
01073886480105200500028574
01074124680105200500044154
01074528930105200500028316
010748163K0105200500028484
01075604830105200500028933
01075605480105200500028310
01075778580105200500028232
01076421610105200500028261
01077036750105200500028231
01079846070105200500028189
01079848520105200500028629
01081679550105200500028714
01084174390105200500028729
01084194150105200500028221
01084349020105200500026873
01086283670105200500028950
01088158760105200500028573
01091473970105200500028739
01091554970105200500028699
01095972790105200500028277
01096157650105200500028219
01096371810105200500002838
01096838760105200500028280
01097063450105200500028575
01097859890105200500028937
01133124160105200500028505
01133126100105200500028831
01133131370105200500028183
01133160710105200500028696
01134543260105200500028693
01138519610105200500028738
011386544K0105200500028622
01138654820105200500028218
01138663570105200500028134
01138664110105200500028678
01143618870105200500028876
01146953780105200500028370
01151815560105200500028935
01151833540105200500028854
01154591710105200500028723
01154687310105200500028462
01154787370105200500028368
01162053000105200500028984
01162370670105200500028256
01173137270105200500028868
01173161300105200500028664
01173520640105200500028723
01173550390105200500028170
01178533570105200500028463
01182212730105200500028989
01182433150105200500028502
01182449740105200500028501
01182540150105200500028470
01183184550105200500028504
01193342090105200500028426
01194260730105200500028847
01200496660105200500028978
012012501K0105200500028220
01202216040105200500028552
01203418200105200500028325
01204178190105200500028367
01204425970105200500028499
01205969770105200500044170
01209539230105200500028628
01209824510105200500028222
01211191020105200500028435
012119919K0105200500028634
01212051650105200500028674
01214314590105200500028682
01216573680105200500028061
01217259240105200500028940
01217270210105200500028127
01217270720105200500028529
01217283380105200500028263
01221606960105200500028936
012218949K0105200500028604
01222226400105200500028820
01222726640105200500028056
01235207180105200500028260
01239942480105200500028549
012399454K0105200500028264
01240164950105200500028390
01240168940105200500028387
01240171220105200500028633
01240189940105200500028210
01257836510105200500028855
01260104430105200500028687
01260269780105200500028202
01261789480105200500028528
01271977410105200500028667
01272000170105200500028030
01284619300105200500028044
01295742320105200500028350
01318576320105200500028666
01319319720105200500028262
01333118310105200500028041
01336481430105200500028605
013367389K0105200500028911
01342601650105200500028507
01342607850105200500028506
01343118190105200500028968
01354011960105200500028340
01365317510105200500028665
01376384600105200500028530
013877645K0105200500028802
01399061600105200500028695
01399120710105200500028970
01399791090105200500028040
01424765760105200500028455
01424979990105200500028389
014253200K0105200500028141
01428270770105200500028610
01433686610105200500028265
01445271940105200500028016
01446441230105200500028844
01447715160105200500028671
01448172300105200500028165
01456796990105200500028977
01571697850105200500028697
01575199560105200500028588
01575257350105200500028803
01623137540105200500028694
00625928180105200500028088
00550207870105200500028096
00681642810105200500028097
00632212870105200500028102
00638080160105200500028069
00594351590105200500000000
00503896850105200500020295
00564405180105200500028071
004836070K0105200500028076
00733143480105200500028043
00742255270105200500028098
00594514990105200500028094
005668722K0105200500028085
00677005620105200500028106
00629404410105200500028042
005711522K0105200500028091
00516975610105200500028077
00803111920105200500028101
00773144740105200500028090
00563075830105200500028087
00426999850105200500028086
00759908710105200500028084
00803766690105200500028105
00484326460105200500028100
00568038230105200500028072
00452512410105200500028001
00581386650105200500000000
00586373000105200500028081
010395035K0105200500000000
00669223750105200500028104
00827260550105200500028107
006541631K0105200500028110
00636805160105200500028006
00530904270105200500028103
00659168510105200500028024
00643469890105200500028095
00628909240105200500028108
00639060850105200500028073
00707623310105200500028083
00657856760105200500028068
00686301690105200500028089
00725589600105200500000000
00797888210105200500028093
00592771620105200500028092
00813852890105200500028078
005394731K0105200500028099
00588414040105200500028003
00895466990105200500028082
00614841910105200500028109
00865414830105200500028080
00601588270105200500044162
00501314160105200500028017
00625346640105200500028070
00640243610105200500028009
00831716690105200500000000
00700054760105200500000000
00602056470105200500000000
00966958610105200500000000
00692532290105200500000000
00636837950105200500000000
00769935560105200500044188
01190540660105200500044187
00954005580105200500044186
01037925840105200500044185
01444777740105200500044184
01065356120105200500044183
00799330660105200500044182
