0100031035010520050106198501121985
0100072661010520051205198612051986
0100120208010520052611198426051987
0100123452010520050906199009021991
010014669K010520051504199215041992
0100187442010520052005199120051991
0100215500010520050105198901051993
010022562K010520050109198901091989
0100449927010520052007199020071993
010060938K010520050209200202092002
0100610698010520050105198901051989
0100629968010520051911199019111991
0100686864010520050608199001041999
0100754789010520050109198901091989
0100795469010520050101199001081991
0100828359010520050101199001011993
0100855933010520050111198701111987
0100857111010520050106199001061992
0101038181010520050109198901091993
0101038823010520052511199225071996
0101069877010520051201198812011988
0101377083010520051505198415051986
0101380378010520050101199001011991
0101471284010520050808199008081990
010150431K010520052007199002041999
0101511243010520051910199019051996
010153068K010520050307199003041992
0101607852010520050107200101072001
0101775712010520050111198701111987
0101911829010520050608199024101999
0101972933010520052001198815061990
0102015460010520051910199019101994
0102047699010520051501198815011989
0102096975010520051910199019101990
0102143507010520050612199006121993
010228626K010520050110198901101990
0102286278010520052410199024041993
0102311833010520051910199019101991
0102400674010520050101199001011990
0102695097010520051801198901091994
0102728491010520050111198701111987
0103157218010520050101199001011990
0103201810010520050107198615051993
0103209099010520051511199015111990
0103293189010520051910199019101990
0103608864010520050307199003071990
0103667178010520050207199025021999
0103792584010520052004200520042005
0103818710010520050608199006061993
010391972K010520050110198901101989
010395035K010520050101200501012005
0104068863010520051603198716031987
010415980K010520050103198815061990
0104162150010520050112199201121997
0104164234010520050105198901051989
0104203574010520050112199201121992
0104234623010520050103198930121998
0104556027010520050110198801101988
0104674372010520051910199019101992
0104685803010520050106198901081998
0104696759010520051501198815011991
0104935877010520050109199601091996
0104938132010520052505199025011991
0105028628010520051910199019061992
0105059124010520051701198816061997
0105119771010520050106198901051999
0105149077010520051503199115101992
010538937K010520050112198501071990
0105407270010520050105198901051989
0105417276010520050104200401042004
0105506015010520050808199008081990
0105508123010520050307199003071990
0105508735010520051205198612051987
0105826141010520052410198824081991
0106254060010520050112200401122004
0106535612010520050106199101061991
0106834393010520051910199019101992
0106847886010520050105198915071990
0106851581010520052501199125111993
0106869898010520050109198901091989
0106946981010520052007199020071990
0107097430010520051012199010121991
0107099107010520052411199224111992
0107339116010520050808199008081990
0107344691010520050407199004071990
0107388648010520050312199003121991
0107412468010520050608199006081994
0107452893010520051012199010121993
010748163K010520050608199006081990
0107560483010520050105200101052001
0107560548010520050111198701011991
0107577858010520051910199019101990
0107642161010520050112198901121989
0107703675010520051910199019051993
0107984607010520050105198901021990
0107984852010520051507199115071991
0108167955010520052203199022031991
0108417439010520051603198716101989
0108419415010520052511200225112002
0108434902010520050405200104122001
0108628367010520050105198915101991
0108815876010520051608199016081990
0109147397010520050101198801051989
0109155497010520052001198820011988
0109597279010520052005199120051991
0109615765010520050209200202092002
0109637181010520052007199020071990
0109683876010520050112198901121990
0109706345010520050207199002071992
0109785989010520050211199002111992
0113312416010520050209200202092002
0113312610010520050808199008081992
0113313137010520051910199019101991
0113316071010520051012200410122004
0113454326010520050112200401122004
0113851961010520050112199201121992
011386544K010520050109198901051992
0113865482010520050209200202092002
0113866357010520051910199019101990
0113866411010520050103200301032003
0114361887010520052407199024071990
0114695378010520051107199011071991
0115181556010520050108199001081990
0115183354010520050107200301072003
0115459171010520052410199024101990
0115468731010520050105200101072002
0115478737010520050608199006081993
0116205300010520050104200401042004
0116237067010520050209200202092002
0117313727010520051609200216092002
0117316130010520050105200101052001
0117352064010520051910199019101990
0117355039010520050211199002111991
0117853357010520050111200201112002
0118221273010520050112200401122004
0118243315010520050112199201121992
0118244974010520050106199101061992
0118254015010520050209200202092002
0118318455010520050105200101052001
0119054036010520052004200520042005
0119334209010520050112200401122004
0119426073010520050209200202092002
0120049666010520051307199013071990
012012501K010520050209200202092002
0120221604010520050808199008081993
0120341820010520050312199003121991
0120417819010520051107199011071990
0120442597010520051910199019101990
0120596977010520050105198901051989
0120953923010520050312199003121990
0120982451010520050209200202092002
0121119102010520050109198901091989
012119919K010520051608199016081990
0121205165010520050209200202092002
0121431459010520051702200417022004
0121657368010520050105200101052002
0121725924010520050105200101052001
0121727021010520050110200101082002
0121727072010520050209200202092002
0121728338010520050209200202092002
0122160696010520050209200202092002
012218949K010520050209200202092002
0122222640010520050401200301012003
0122272664010520052309199123091993
0123520718010520051011200310112003
0123994248010520052205199522031996
012399454K010520050103200201032002
0124016495010520050209200202092002
0124016894010520050209200202092002
0124017122010520050605200306052003
0124018994010520050105200101052001
0125783651010520051901200419012004
0126010443010520050209200202092002
0126026978010520050105200101052001
0126178948010520050105200101052001
0127197741010520051005200110052001
0127200017010520050209200202092002
0128461930010520050110200101102002
0129574232010520050209200202092002
0131857632010520050104200301042003
0131931972010520050102200301022003
0133311831010520050312200403122004
0133648143010520050209200202092002
013367389K010520050507200405072004
0134260165010520050111200201112002
0134260785010520050209200202092002
0134311819010520051601200416012004
0135401196010520051011200310112003
0136531751010520050209200202092002
0137638460010520050110200401102004
013877645K010520050101200301012003
0139906160010520050612200406122004
0139912071010520050209200202092002
0139979109010520050112200401122004
0142476576010520050110200101102001
0142497999010520050209200202092002
014253200K010520050108200201082002
0142827077010520050110200101102001
0143368661010520050201200302012003
0144477774010520052004200520042005
0144527194010520050109200401092004
0144644123010520052511200225112002
0144771516010520051812200318122003
0144817230010520050109200401092004
0145679699010520051712200417122004
0157169785010520050109200401092004
0157519956010520050112200401122004
0157525735010520050202200402022004
0162313754010520050112200401122004
0033769857010520052107197121071971
0035804692010520050401199131051998
0039358611010520050105198901051990
0039822776010520051607199019021999
0040029737010520051702197017021970
0040258582010520050105196301091981
0040388087010520050107199001071990
0040464379010520051409199014091991
0040718931010520052107196921071969
0041550732010520050106197401061975
0042059056010520052410199024101990
0042184314010520050406197307051993
0042500194010520050109197102041983
0042699985010520051506197015061970
0043198610010520052601197001071988
0043585916010520050111197301111973
0043594613010520051607197901051987
004368471K010520051507196607031986
0043749439010520052208196607051993
0044112604010520052907196620061995
0044207451010520050505196630111970
0044298880010520052105198921051989
0044509199010520050103198401031984
0044717875010520052609196620061985
0044902931010520050105198301031987
0044946505010520051602197001091983
0045077039010520050103198601061998
0045139166010520050105196801051968
004527859K010520050107196501071965
0045450821010520052106199021061994
0045619869010520050101196501011967
004572851K010520051107196611071966
0045833720010520050602196820051998
004587771K010520050107197807051994
0045909174010520051101197101121985
0045980081010520050202197201071985
0046151550010520051501197026071972
0046178017010520050901196809011970
0046394925010520051011197001041979
0046449509010520050602196801071986
0046451430010520050608197001041986
0046475666010520050106198401061985
004649377K010520050104196505031984
0046675169010520051307197012031984
0046764501010520051202196610041971
0046799291010520052202196526021983
0046897129010520051506197901081983
0046909054010520052004197001101981
0047295378010520051003196610031966
0047374383010520051707199017071991
0047807638010520050111197301111973
0047858011010520052604197226041972
004797349K010520050706197101061982
0047989957010520050111197301111973
0047992796010520051705197301011991
0048072933010520052305196623051966
0048209653010520050112197301041979
004821505K010520050608197001041993
0048220452010520050106196701111980
0048224431010520053001196801111980
0048301835010520050605197006051971
0048316115010520050505196705091974
0048351239010520050111198101111981
004836070K010520050711197207111972
0048432646010520050808198308081983
0048794734010520050106198519061999
0048915191010520050206197202061972
0048943551010520050205197302051973
0049046634010520051008197701011984
0049047096010520051801197201121990
0049121466010520050605197010081996
0049351429010520052501197125121979
0049356528010520051902197001111984
0049363532010520050110199001101991
0049507550010520051701197217041982
0049694725010520051507197915071980
0049764030010520050110196401101982
0049942486010520050205197202121984
0049975481010520052401197424011974
0049986017010520050512196601011990
0050025233010520052103199021031990
0050029700010520050106196723011986
005006400K010520051905198601101990
0050072029010520051907196631051996
0050131416010520051508197915081979
0050154602010520051506197915121990
0050157679010520051202197318041981
0050222128010520050107198501081998
0050262200010520050805199008051994
0050298256010520051101196519011998
0050320022010520050108196601071985
0050329852010520050805199008051990
0050389685010520050107198001071980
0050410579010520050603197306031973
0050417859010520050105197004031980
0050445658010520050103198101041982
0050458741010520050102198701021987
005052552K010520052603197026121976
0050634353010520052304197123041971
0050658392010520051506197901041986
0050660826010520052509197226101984
0050839214010520052202196501091984
0050917061010520052203199022031990
0050956504010520052608196726021973
005102110K010520051306196613061969
005109705K010520051306196613061969
005117254K010520052711196727111968
0051186982010520050103198901031989
0051226755010520050301197203011972
0051412176010520050504197215071991
005151792K010520052006197920121986
0051547438010520050611197006111970
0051558286010520050504197205051981
0051571401010520050805199008051990
0051598768010520051205197712051977
0051697561010520050112198101121981
0051764919010520050104197101041971
0051832590010520052804197205071995
0051884809010520050106197201061972
0052145996010520050502196801071984
0052173949010520052701196801101980
0052407397010520052104196921041969
005260673K010520050106198401061986
0052616875010520050811198308111983
0052625599010520050106196701111980
0052632080010520050107197101121981
0052687411010520051608197906051989
0052751314010520051401197214011972
0052779693010520051303197205031986
0052813662010520050106198401061984
0052900158010520050305197201041993
005293219K010520052701196827011970
0052940486010520050104198415041994
0053004636010520050510197205031973
0053022715010520050104197101011978
0053071325010520052607196626071972
0053085997010520051107197211071972
0053090427010520050109199101091991
0053291821010520050102198501021987
0053347231010520050103198119061996
0053379559010520052007196603071984
0053379575010520050107198401071984
005347683K010520052010197220101972
0053509290010520050407197204061983
0053533892010520050504197105031985
0053540643010520050611197001081988
0053546498010520052903197102121983
005354651K010520051510196501031982
0053575277010520051907196501081984
005361230K010520053105196631051966
0053657249010520051509197126111976
0053661009010520053105197301091989
0053695108010520050602196801021990
0053766595010520051303197201011988
0053770762010520052112197005031987
0053802125010520052208200522082005
0053856063010520050608199006081990
0053866654010520050602196806021968
0053907733010520053110197331101973
0053920306010520050111197301111973
005394731K010520050106199001061990
0053958540010520051801197101101984
0053986463010520052107197521071975
0054048408010520050111197303051992
0054064470010520051006196601031992
0054099428010520050801197320031987
0054178247010520050210196723071984
0054271697010520052504196601041986
0054279698010520051801197114121984
0054349904010520050604197001051980
0054393164010520050102198501021985
0054422083010520050101197301051976
0054424388010520052603197021021984
0054438338010520052203196501031975
0054459769010520052009197021011979
0054537441010520050406198401041987
0054561504010520050112197301121973
005458704K010520051003197215071990
0054596960010520052304197106051990
0054610947010520051511199015091993
0054637845010520051203197112061978
0054862660010520050101197201021985
0054870256010520052609196826091971
005490407K010520050103198425061997
0054948034010520052003197020031980
0055020787010520051001197215071991
0055155690010520052603197126031972
0055188459010520050107198501071985
0055195757010520050805198908051989
0055367302010520050605197006051971
0055391793010520050911197001011981
0055406480010520051501197302041983
0055816913010520050506198401081998
0055850658010520050109196914071989
0055886695010520050102198401101984
0055948704010520051405197312031986
0055964998010520052110197021101970
0056001972010520050702197201061990
0056022643010520051101197101091984
0056079262010520052905197201021985
0056110046010520050111197301041983
0056116974010520052110197004031982
0056172874010520050101197324011983
0056307583010520050112198329061981
0056438130010520051506197001071989
0056440518010520050107198001071980
0056440674010520050108197301121987
0056512675010520051808197018081970
0056527206010520052604197112031984
0056612017010520050106197006051990
005668722K010520051507199015071990
0056803823010520050103198401031984
0056884106010520051504197915041981
0056889140010520050201196704121984
0056975160010520051407196601061988
005711522K010520052009198308081983
0057135468010520051607197916071988
0057200073010520050201197302011973
0057219408010520050504197101011985
005722388K010520050101197301011975
0057272929010520050403197006041972
0057332883010520052309196723011984
0057351667010520050203197004031980
0057589191010520050112197301121973
0057598395010520050106198301061991
0057731486010520050307197201011973
0057785896010520050107198601071989
0058016276010520050703196907051995
0058076058010520050104197101041971
0058138665010520050103197801031978
005828372K010520051003197210031972
0058284912010520050311196901051989
0058425478010520050107198501071985
0058463248010520050106198401061986
0058525537010520050805197201021990
0058531332010520051607197101041981
0058535907010520051910197012071987
0058635960010520052712197427121974
0058637300010520051507199015071990
0058689424010520050305197115071990
0058800597010520050111196921011987
005881959K010520051501197315011973
0058841404010520052405199024051990
0058873675010520050106199001061990
0058900400010520052009198820091988
0058942162010520050108198601081986
0058995940010520050102199001071980
0059013173010520052001197120011973
0059121472010520050911197001071984
0059124838010520050210196602101968
0059277162010520051605198816051988
0059321765010520050102196922051974
0059435159010520052009198308081983
0059438107010520051111196901051986
0059439626010520051802197026021984
0059451499010520052208197722081977
0059555197010520050612197206011981
0059564803010520050108197001111980
0059566636010520050107198615071990
0059610554010520051205197112071982
0059687484010520050103198401031984
0059752340010520051007197212061997
0059846914010520051010197410101974
0059888099010520052101198821011988
0059906925010520050405196601031989
0059988816010520050103196901031976
0060027625010520050104197401041975
0060158827010520050110197801101978
0060192391010520050104198401041989
0060437653010520050111199201111992
006058401K010520050211199002111990
0060759928010520050103199101031991
0060885206010520050102198401021984
0060980020010520050409197301101982
0061012567010520050101196915111993
0061141448010520050506198405061985
0061175113010520053101197215041991
0061316426010520050106199001061990
0061382666010520050606198806061992
0061470646010520050301196926031970
0061484191010520050102198401111983
0061484744010520051110197211101972
0061487603010520052208197722081977
0061503838010520050404197304041975
0061523499010520052408197003041985
0061572961010520050512197405021983
0061583009010520051904197301091981
0061622063010520050203197301101982
0061640061010520050101196926021976
0061705090010520052009197220121980
0061741275010520050106198401061984
0061788638010520051205198601121992
0061809562010520050107196907051994
0061841822010520052007197120061984
0061881468010520050110198401101985
0061918191010520050107198601101991
0062028297010520051110197111111979
0062195770010520050101198804081994
0062379634010520052505197325031987
0062534664010520050107198019051980
0062592818010520050106198801061988
0062634626010520050502197605021976
0062685514010520050107197101071971
0062740256010520050207197102071971
0062761008010520052205197301111980
0062890924010520050506198405061984
0062940441010520051106197924031992
0063037710010520050111199201111996
0063042811010520050302196903021969
0063068888010520050210197222111986
0063097640010520051506197901051990
0063168114010520051301196913011969
0063198110010520050603197206081980
0063221287010520050401197104011971
0063243434010520052204197101081982
0063246980010520052604197201071986
0063250937010520050107198801051989
0063295736010520051412197014121972
0063303321010520052904197215071991
0063549541010520053006197201041986
0063680516010520050107198001071980
0063699020010520052208199022081997
0063808016010520052007199020071990
0063906085010520052009198320091983
006397269K010520051808197005031986
0063984744010520051205198512081985
0063993484010520051910199019101990
0063997196010520050102198801021988
0064005227010520052601197001071989
0064024361010520050105198911011989
0064031597010520051505197301121979
0064139134010520050106197201071984
0064346989010520051502197815021978
0064528475010520052006197920061979
0064550101010520051603197201091983
0064639021010520050102198501061987
006465005K010520050603197318061995
0064685597010520050109198801091988
0064699113010520052410199024091991
006473203K010520050604197701101992
0064750399010520051611199116111991
0064770586010520051808198618081991
0064843982010520052703197201121983
0064870416010520050201197402011975
0065001179010520050102197301121984
0065030039010520050102198401021984
006505504K010520050110199101101995
0065063506010520050102198401021984
0065075164010520050103198401031984
0065112094010520050506198405061984
0065193442010520050603197301071985
0065223201010520051505198415051984
0065307812010520050103198101031989
006541631K010520051502197815021978
0065455471010520052410199024101997
0065474042010520050108197210061996
0065482444010520050307199003071990
0065719622010520051307197001061979
0065916851010520050506198405061984
0066024296010520051202197312021973
0066066649010520050106198401061984
0066118916010520050105198301051984
0066169731010520050103198401091989
0066275841010520051501198815011988
0066411060010520050305197301041992
0066428249010520050104198001041980
0066584968010520050102198401021987
0066680258010520050211197101071981
0066922375010520050106198401061984
0067175646010520051105197301101981
0067434994010520050106198401051986
0067483987010520051910199019101994
0067558960010520051806198918061990
0067572483010520051607197901101981
0067635477010520053005197230051972
0067691741010520052506197325061973
0067700562010520051508198615081986
0067732170010520051405197301031987
0067732804010520050103198601061988
0067740092010520052904197201051989
0067757092010520050107198601081998
0067887913010520050109198901091989
0067985613010520052604197215071990
0068004268010520050111198701111987
0068022223010520050606197201011986
0068047641010520051507199115071991
0068052750010520052208198801051989
0068094534010520052702197327021973
0068148022010520051005197329051991
0068164281010520050102198501021985
0068306264010520051008197701041991
0068342414010520050103198601031991
0068399165010520052909197229091972
0068407443010520052505199006071998
0068544068010520050101198801011988
0068630169010520051106197911061979
0068811260010520051506197901101988
0068829666010520050111198101111981
0069021980010520050106198401061984
0069098177010520050111198701111987
0069116728010520050610198606101986
0069353282010520051405197301011988
0069412270010520052403198024031980
006942791K010520051506197901041994
0069519709010520050105198301051983
0069695612010520050110198401062000
0069829333010520050711197701091993
0069900410010520052206198801011990
006997323K010520050102198401021987
0070503425010520052603197301041990
0070654458010520053007197302121982
0070680882010520050102198401021987
0070762331010520050108199711111996
0070815761010520051008197715011983
0070998289010520050107198601071987
0071148270010520050106199001061990
0071194256010520050808199008081990
0071221075010520050107198401071984
0071231704010520050210198902071992
0071399788010520051503198715031987
0071427811010520051607197901121987
0071429407010520050102198401091984
0071429652010520050106198401061984
0071491358010520051306197301071982
0071567699010520052205198622051989
0071595781010520050103198427021999
0071818624010520050109197301091978
0071818799010520051505198415051987
0071827291010520050112198901121990
007186281K010520051506197901101980
0071876160010520051701197301091984
0072193466010520052006197920061985
0072340337010520051506197901051986
0072558960010520050102198801021988
0072605950010520052508197725061986
007274442K010520050111199201111992
0072926625010520050112197301121975
0073268265010520050105198307061996
0073307120010520051505197301041988
0073314348010520050506198405061984
0073351588010520050101197107091989
0073355559010520051712199017121991
0073360749010520050111198701011990
0073526426010520050306198401111987
0073548179010520052507199025071992
007375433K010520050102198501021985
0073824591010520050802199308021995
0073851289010520050410197604101979
0073909023010520050103198101031981
0073972523010520050110198417081998
0073985099010520051405197301041989
0074072410010520050102198701021987
0074079644010520051505198417081998
0074225527010520050106199001061990
0074247385010520051008197710081977
0074264441010520050108200201082002
007426445K010520050710200207102002
0074286380010520050102198401021987
0074331998010520050111198701111989
0074500560010520050103198101081993
0074586716010520051607198716071987
0074648517010520050102198401021984
007505520K010520050506198401081998
0075088221010520050109198901092000
0075533659010520050101198501011988
0075562209010520051607197916041986
0075564147010520050102198415071990
0075571038010520051910199019101990
0075571321010520051504198401101991
0075609957010520050107198401071985
0075901518010520051505198415051984
0075973896010520050110198501021988
0075985274010520050110199101101991
0075986572010520051205198612051987
0075990871010520050106199001061990
0076040826010520051506197915011989
0076127646010520050111199201111992
0076287996010520050106198401061986
0076337128010520050111198701111989
0076467889010520050410197204051975
007647432K010520050106198401041988
0076663017010520050102198401121985
0076671834010520050111198701111990
0076689008010520052001198820011992
007671195K010520052006197901111985
0076934495010520050103198401031984
0076993556010520052704200527042005
0077011625010520050105198518052000
0077057994010520052206198801051995
0077291814010520050101199001011990
0077314474010520050103199001031990
0077490183010520051506197901071991
0077505415010520050509197301011984
0077616535010520050102198401021986
0077638326010520051607197901051993
0077639675010520050101199001011990
0077667318010520051506197915061979
0077682031010520050107198501071987
0077900926010520051201198112011981
0077959505010520050111198701111987
0077976353010520050102198401041999
0078217138010520050102198401101986
0078227362010520050612199006121990
007829678K010520050105200101052001
0078307110010520050107198401071984
007852278K010520050102198401021984
0078670231010520051905198619051986
0078726210010520051002198810021988
0078744189010520050106198401061985
0078810602010520050111198701111989
0078879203010520050506198405061984
0078937246010520051607197901121990
0078996757010520050104198801041988
0079034797010520051607197901081982
0079093041010520050109198901091989
0079129860010520050110200101102001
0079129879010520050106198401061984
0079144886010520050106198401101990
0079179140010520052701198827011988
0079286273010520050109198901091989
0079350680010520050102198501021986
0079426008010520050102198401021989
007949173K010520050106198401061984
007961159K010520050105198901051989
0079643327010520050506198405061984
0079691577010520051506197901101987
007971027K010520051205198614081989
0079788821010520050104198801041988
0079798606010520050106198401021993
0079901040010520050107198801071992
0079927546010520051607197916071979
0079933066010520051505198615051986
0080176171010520050506198405061984
0080190832010520051607197929051987
0080235984010520051506197915061980
0080311192010520050101199124091990
0080376669010520050111198801051988
0080538715010520050107198509111989
0080585837010520050107198601071989
008059867K010520050103198401031984
0080667159010520051205198612051986
0080712987010520051003199224051999
008071551K010520050109198501011988
0080841078010520052007198720071988
0080856121010520051806199018061990
0080904819010520050201200302012003
0080905602010520050106198401011990
0080936869010520052611198426061986
0080939965010520050106198401061984
0080958374010520050106198401061984
0080990383010520051910199019101990
0080994060010520050506198401082000
0081041571010520050105198901011990
008130520K010520050608199006081996
0081373396010520052006199020061990
0081385289010520050112199101121991
0081393699010520050111198701111988
0081415382010520052007199020071991
0081479089010520051306199013061990
0081551391010520051205198612051987
0081571716010520050112198301121984
0081613702010520051505198415051984
0081620407010520051506197915061980
0081656320010520050301200303012003
0081725853010520052005199120051992
0081873593010520050109198901091989
0081888175010520051107199011071993
0081959242010520051608199016081991
008208827K010520050107198401071984
0082147535010520050111198701111987
0082235833010520050107198401061990
0082236627010520050106198401061984
0082265902010520051801198818011988
0082343121010520051901198815071990
0082381511010520050111198701111987
0082534180010520051510198415101984
0082643184010520051910199019101990
0082726055010520052305199023051990
0082811850010520052305198823051989
0082812059010520050710199107101991
0082849939010520050102198401021990
0082868690010520050909200209092002
008301170K010520051605199016051990
0083018844010520051607198816071989
0083028270010520050106198401061985
0083043369010520051608197916081979
0083098171010520050107198401071984
0083188065010520052301198923011990
0083472782010520050110198801101988
0083648023010520050109198901091989
0083752661010520050105198801051988
0083836938010520050101198801011988
0083943203010520050402198804021992
0083973625010520052611198426111984
0084053619010520050103198801031988
0084335657010520051910199019101991
008434348K010520051506197915061979
0084365882010520050408198604081986
0084488739010520050104198801051988
0084517518010520050506198405061984
0084824372010520050108200301082003
0085080091010520050102198401021984
008523370K010520052411199224111992
0085288431010520050111198701111987
0085289950010520050111198701111987
008557230K010520050610198606101986
0085699601010520050106198520052000
0085911848010520051107199011071990
0086052687010520050107198501071989
0086054531010520051505198601081989
0086086700010520051607197916071992
0086093642010520050201198402011984
0086098652010520052410198801051993
0086178362010520050112198527051996
0086320142010520052309199123091994
0086417200010520050110198912051999
0086541483010520051607198716071987
0086725649010520050108199701081997
0086845512010520051012199010121990
0086852489010520050112199101121991
0087006379010520051910199019101990
008708731K010520051605199016051990
0087222179010520051803198718031987
0087283577010520051501199115011991
0087311651010520051803198715071990
0087321347010520050106198617111988
0087451992010520050307199003071991
0087463230010520051607197901101984
0087593002010520050105198901051989
0087662934010520051910199019101990
0087778150010520050305199103051991
0087880982010520052511199225111993
0087982688010520051205198612011992
0088017846010520050104199001041990
0088042948010520051205198612051986
0088157168010520051504198415041984
0088305191010520052001198820011988
0088367219010520051910199019101999
008839447K010520050802199108021991
008841439K010520050101198801061993
0088444221010520052005199120051994
0088487842010520051401199126061996
0088540077010520051205198612051986
0088592182010520050112198901121989
0088629566010520052410198824101988
0088746015010520050108200201082002
0088804287010520050106198401091998
0089028094010520050102198401121984
0089111544010520050101198801011988
0089180376010520050506198401081998
0089195594010520050110198801112001
0089208343010520050107198501121995
008923655K010520050107198601071986
008929911K010520050106198501061988
0089373239010520050109198901081998
0089377447010520050106198401101990
0089407117010520050105198901011990
0089546699010520050109199101091991
0089817153010520050102198401041991
0089974364010520051910199019101993
009013440K010520050109198901091989
0090153382010520052004200520042005
0090170376010520050307199003071990
0090217801010520051808198615061990
0090219367010520051107199011071990
0090232711010520051505198615051986
0090234498010520050109198901091989
0090372513010520050507199005071990
0090489143010520050808199008081990
0090514598010520051608199016061993
0090524682010520052211199022111994
0090670484010520051612200416122004
0090690930010520050211199002111991
0090742884010520052410199024101990
0090743996010520050105198925021999
0090858645010520051605199016051991
0091011891010520050102198401021984
0091012278010520051910199019101990
0091028824010520051910199019101991
0091081229010520052411199224071995
0091125811010520050608199006121992
0091140829010520050106198601061986
0091329891010520051401198815021991
0091421585010520050112199201101993
0091474840010520051910199019101990
0091620928010520050106198401011986
0091647117010520051910199019101990
0091681358010520050608199006081991
0091770822010520051910199019071991
0091805790010520050110200101102001
0091882728010520051205198612111989
0091961040010520050608199006081992
0091996421010520051910199019081996
009200161K010520050110200101102001
0092219801010520050105198901051996
0092225666010520050101198817081998
0092321576010520051806199018061990
0092339904010520050105198901051989
0092477681010520051511198615061990
0092480933010520050101199201011993
0092697738010520050106199101061991
0092749223010520050506198401081998
0092764362010520050102198401101987
0092861260010520052312199223121995
0092896609010520051307199013011996
0092903036010520051603198716031987
0092905780010520052411199224111993
0093015312010520052203199022031992
0093174151010520051205198612051990
0093238788010520050106198401011988
0093252152010520050105198901051989
0093290232010520050105198901011991
0093600452010520050106198401111987
0093633024010520050110198901051999
0093702417010520052212199222121992
0093909771010520051205198612051988
0093991419010520050106198401061984
009399485K010520052001198820011988
0094231523010520052509199025091990
009426006K010520050704198407041984
0094296528010520050412199204071997
0094310776010520050103198801031994
0094355737010520050104200501042005
0094410150010520050107198401071986
0094429269010520051107199011051991
0094585554010520050102198401021988
0094590809010520051205198612051986
0094645352010520050102198401011988
0094664489010520050101199001011992
0094664594010520051603198716031990
0094667879010520051205198612051988
0094670101010520051910199019101990
0095075495010520050101198801011988
009514800K010520050105198901051989
0095158196010520050101199001011990
0095259332010520052208198822031993
0095372082010520050111198701111987
0095400558010520052004200520042005
0095418465010520050101199001011990
0095615961010520050107199001071992
0095632661010520050105198901051992
0095647367010520050105198901121992
0095667430010520050109198901091990
0096388594010520052410199024051994
0096438478010520050109198901091990
0096495013010520051205198612051986
0096855737010520050112200401122004
0096864884010520050107198601071986
0097054509010520052007199020071995
0097345627010520050909200209092002
0097652627010520052511199225111992
0097746826010520050809199508051998
0097755396010520050107198407051996
009780592K010520050112198901121990
0097813221010520051511199015071993
009789261K010520050105198901051989
0097896305010520051007199010071990
0097925062010520050109198917081998
0097998256010520050111198801091998
0098001042010520052410198801051989
0098122400010520052001198820011988
0098149740010520050105198901121991
0098194568010520051608199016081990
0098245634010520050111198701111988
0098267395010520052505199025051990
0098350284010520050506198405061984
0098350373010520050108198501081987
0098363831010520052009198920091990
009839124K010520050112200301122003
0098437339010520051205198625021999
0098447016010520050107198401071984
0098469583010520050109198901091989
0098489746010520050106199601061996
0098600620010520052410199024101990
0098601228010520051205198612051986
0098640142010520051705199017051991
009879221K010520051905198619051986
0098854568010520050808199008081990
0098870822010520052708199027081990
0098885900010520050401199120061999
0099286156010520051003199210031992
009929423K010520050111198701081987
0099312297010520050109198901091990
0099441399010520050111198701111990
0099513853010520051605199016051992
0099854162010520050110198701101992
