0033769857 0105200508001052005040000000000
0033769857 0000000008,710U.F.02010119903112999904
0035804692 0105200500001052005040000000000
0039358611 0105200500001052005040000000000
0039822776 0105200500001052005040000000000
0040029737 0105200507401052005040000000000
0040029737 0000000003,510U.F.02010119903112999904
0040258582 0105200500001052005040000000000
0040388087 0105200506701052005040000000000
0040388087 0000000004,200U.F.02010119903112999904
0040464379 0105200507401052005040000000000
0040464379 0000000004,200U.F.02010119903112999904
0040718931 0105200507101052005040000000000
0040718931 0000000001,694U.F.02010119903112999904
0041550732 0105200506701052005040000000000
0041550732 0000000002,790U.F.02010119903112999904
0042059056 0105200500001052005040000000000
0042184314 0105200507401052005040000000000
0042184314 0000000004,310U.F.02010119903112999904
0042500194 0105200506701052005040000000000
0042500194 0000000006,190U.F.02010119903112999904
0042699985 0105200507101052005040000000000
0042699985 0000000005,802U.F.02010119903112999904
0043198610 0105200509901052005040000000000
0043198610 0000000002,340U.F.02010119903112999904
0043585916 0105200500001052005040000000000
0043594613 0105200500001052005040000000000
004368471K 0105200509901052005040000000000
004368471K 0000000002,520U.F.02010119903112999904
0043749439 0105200508001052005040000000000
0043749439 0000000003,280U.F.02010119903112999904
0044112604 0105200500001052005040000000000
0044207451 0105200507101052005040000000000
0044207451 0000000000,176U.F.01010119903112999904
0044298880 0105200508001052005040000000000
0044298880 0000000004,750U.F.02010119903112999904
0044509199 0105200507101052005040000000000
0044509199 0000000000,220U.F.01010119903112999904
0044717875 0105200507101052005040000000000
0044717875 0000000004,238U.F.02010119903112999904
0044902931 0105200507401052005040000000000
0044902931 0000000003,020U.F.02010119903112999904
0044946505 0105200509901052005040000000000
0044946505 0000000003,160U.F.02010119903112999904
0045077039 0105200507101052005040000000000
0045077039 0000000000,132U.F.01010119903112999904
0045139166 0105200507101052005040000000000
0045139166 0000000000,132U.F.01010119903112999904
0045251241 0105200507401052005040000000000
0045251241 0000000005,960U.F.02011020043112999904
004527859K 0105200500001052005040000000000
0045450821 0105200500001052005040000000000
0045619869 0105200509901052005040000000000
0045619869 0000000004,850U.F.02010119903112999904
004572851K 0105200507401052005040000000000
004572851K 0000000002,710U.F.02010119903112999904
0045833720 0105200500001052005040000000000
004587771K 0105200500001052005040000000000
0045909174 0105200500001052005040000000000
0045980081 0105200509901052005040000000000
0045980081 0000000001,895U.F.02010119903112999904
0046151550 0105200500001052005040000000000
0046178017 0105200508001052005040000000000
0046178017 0000000005,510U.F.02010119903112999904
0046394925 0105200509901052005040000000000
0046394925 0000000001,860U.F.02010119903112999904
0046394925 0000000000,090U.F.01010119903112999904
0046449509 0105200500001052005040000000000
0046451430 0105200509901052005040000000000
0046451430 0000029726,000   $02010119903112999904
0046451430 0000000000,135U.F.01010119903112999904
0046475666 0105200508801052005040000000000
0046475666 0000000005,540U.F.02010119903112999904
004649377K 0105200507101052005040000000000
004649377K 0000000002,898U.F.02010119903112999904
0046675169 0105200507101052005040000000000
0046675169 0000000003,382U.F.02010119903112999904
0046764501 0105200506701052005040000000000
0046764501 0000000005,310U.F.02010119903112999904
0046799291 0105200509901052005040000000000
0046799291 0000000004,421U.F.02010119903112999904
0046897129 0105200500001052005040000000000
0046909054 0105200508001052005040000000000
0046909054 0000000002,590U.F.02010119903112999904
0047295378 0105200500001052005040000000000
0047374383 0105200507101052005040000000000
0047374383 0000000003,958U.F.02010119903112999904
0047807638 0105200506701052005040000000000
0047807638 0000000003,120U.F.02010119903112999904
0047858011 0105200500001052005040000000000
004797349K 0105200500001052005040000000000
0047989957 0105200507101052005040000000000
0047989957 0000000000,132U.F.01010119903112999904
0047992796 0105200509901052005040000000000
0047992796 0000055839,000   $02010119903112999904
0047992796 0000000000,135U.F.01010119903112999904
0048072933 0105200507101052005040000000000
0048072933 0000000004,162U.F.02010119903112999904
0048209653 0105200506701052005040000000000
0048209653 0000000008,670U.F.02010119903112999904
004821505K 0105200500001052005040000000000
0048220452 0105200500001052005040000000000
0048224431 0105200508001052005040000000000
0048224431 0000000007,520U.F.02010119903112999904
0048301835 0105200507101052005040000000000
0048301835 0000000000,264U.F.01010119903112999904
0048316115 0105200507101052005040000000000
0048316115 0000000000,132U.F.01010119903112999904
0048351239 0105200507101052005040000000000
0048351239 0000000000,088U.F.01010119903112999904
004836070K 0105200507401052005040000000000
004836070K 0000000004,540U.F.02010720033112999904
0048432646 0105200507101052005040000000000
0048432646 0000000004,248U.F.02140120043112999904
0048450482 0105200506701052005040000000000
0048450482 0000000005,900U.F.02010119903112999904
0048615783 0105200507401052005040000000000
0048615783 0000000003,130U.F.02010119903112999904
0048794734 0105200500001052005040000000000
0048915191 0105200500001052005040000000000
0048943551 0105200508001052005040000000000
0048943551 0000000004,220U.F.02010119903112999904
0049046634 0105200500001052005040000000000
0049047096 0105200507101052005040000000000
0049047096 0000000003,616U.F.02010119903112999904
0049121466 0105200507401052005040000000000
0049121466 0000000004,400U.F.02010119903112999904
0049351429 0105200500001052005040000000000
0049356528 0105200507401052005040000000000
0049356528 0000000003,820U.F.02010119903112999904
0049363532 0105200500001052005040000000000
0049507550 0105200508001052005040000000000
0049507550 0000000004,090U.F.02010119903112999904
0049694725 0105200507101052005040000000000
0049694725 0000000005,246U.F.02010119903112999904
0049764030 0105200500001052005040000000000
0049942486 0105200508001052005040000000000
0049942486 0000000005,720U.F.02010119903112999904
0049975481 0105200508001052005040000000000
0049975481 0000000004,440U.F.02010119903112999904
0049986017 0105200507101052005040000000000
0049986017 0000000002,842U.F.02010119903112999904
0050025233 0105200507101052005040000000000
0050025233 0000000000,176U.F.01010119903112999904
0050029700 0105200506701052005040000000000
0050029700 0000000003,790U.F.02010119903112999904
005006400K 0105200509901052005040000000000
005006400K 0000000003,510U.F.02010119903112999904
0050072029 0105200500001052005040000000000
0050131416 0105200507101052005040000000000
0050131416 0000000005,214U.F.02010119903112999904
0050154602 0105200507401052005040000000000
0050154602 0000000004,700U.F.02010119903112999904
0050157679 0105200507101052005040000000000
0050157679 0000000002,850U.F.02010119903112999904
0050222128 0105200500001052005040000000000
0050262200 0105200500001052005040000000000
0050298256 0105200508001052005040000000000
0050298256 0000000004,298U.F.02010119903112999904
0050320022 0105200500001052005040000000000
0050329852 0105200507101052005040000000000
0050329852 0000000000,132U.F.01010119903112999904
0050389685 0105200507401052005040000000000
0050389685 0000000004,200U.F.02010920043112999904
0050410579 0105200500001052005040000000000
0050417859 0105200500001052005040000000000
0050445658 0105200500001052005040000000000
0050458741 0105200500001052005040000000000
005052552K 0105200507101052005040000000000
005052552K 0000000000,132U.F.01010119903112999904
0050634353 0105200500001052005040000000000
0050658392 0105200500001052005040000000000
0050660826 0105200507101052005040000000000
0050660826 0000000003,082U.F.02010119903112999904
0050839214 0105200507401052005040000000000
0050839214 0000000004,300U.F.02010119903112999904
0050917061 0105200500001052005040000000000
0050956504 0105200500001052005040000000000
005102110K 0105200500001052005040000000000
005109705K 0105200508001052005040000000000
005109705K 0000000004,600U.F.02010119903112999904
005117254K 0105200507401052005040000000000
005117254K 0000000004,030U.F.02010119903112999904
0051186982 0105200507101052005040000000000
0051186982 0000000000,176U.F.01010119903112999904
0051226755 0105200507101052005040000000000
0051226755 0000000000,176U.F.01010119903112999904
0051412176 0105200508001052005040000000000
0051412176 0000000003,600U.F.02010119903112999904
005151792K 0105200508001052005040000000000
005151792K 0000000004,340U.F.02010119903112999904
0051547438 0105200500001052005040000000000
0051558286 0105200508001052005040000000000
0051558286 0000000004,400U.F.02010119903112999904
0051571401 0105200509901052005040000000000
0051571401 0000000003,070U.F.02010119903112999904
0051598768 0105200500001052005040000000000
0051697561 0105200507101052005040000000000
0051697561 0000000005,696U.F.02010119903112999904
0051764919 0105200508001052005040000000000
0051764919 0000000003,100U.F.02010119903112999904
0051832590 0105200500001052005040000000000
0051884809 0105200506701052005040000000000
0051884809 0000000004,570U.F.02010119903112999904
0052145996 0105200507101052005040000000000
0052145996 0000000004,342U.F.02010119903112999904
0052173949 0105200509901052005040000000000
0052173949 0000000002,940U.F.02010119903112999904
0052407397 0105200507101052005040000000000
0052407397 0000000000,132U.F.01010119903112999904
005260673K 0105200507101052005040000000000
005260673K 0000000003,412U.F.02010119903112999904
0052616875 0105200507401052005040000000000
0052616875 0000000004,160U.F.02010119903112999904
0052625599 0105200507401052005040000000000
0052625599 0000000003,360U.F.02010119903112999904
0052632080 0105200509901052005040000000000
0052632080 0000000003,775U.F.02010119903112999904
0052687411 0105200506701052005040000000000
0052687411 0000000006,220U.F.02010119903112999904
0052751314 0105200508801052005040000000000
0052751314 0000000004,600U.F.02010119903112999904
0052779693 0105200500001052005040000000000
0052813662 0105200507401052005040000000000
0052813662 0000000003,160U.F.02010119903112999904
0052900158 0105200507401052005040000000000
0052900158 0000000002,980U.F.02010119903112999904
005293219K 0105200500001052005040000000000
0052940486 0105200500001052005040000000000
0053004636 0105200507101052005040000000000
0053004636 0000000000,176U.F.01010119903112999904
0053022715 0105200508001052005040000000000
0053022715 0000000003,810U.F.02010119903112999904
0053071325 0105200507101052005040000000000
0053071325 0000000000,132U.F.01010119903112999904
0053085997 0105200507101052005040000000000
0053085997 0000000004,788U.F.02010119903112999904
0053090427 0105200508001052005040000000000
0053090427 0000000006,280U.F.02010119903112999904
0053291821 0105200509901052005040000000000
0053291821 0000045391,000   $02010119903112999904
0053291821 0000000000,135U.F.01010119903112999904
0053347231 0105200508001052005040000000000
0053347231 0000000003,290U.F.02010119903112999904
0053379559 0105200507101052005040000000000
0053379559 0000000002,182U.F.02010119903112999904
0053379575 0105200509901052005040000000000
0053379575 0000000003,005U.F.02010119903112999904
005347683K 0105200500001052005040000000000
0053509290 0105200507401052005040000000000
0053509290 0000000003,470U.F.02010119903112999904
0053533892 0105200509901052005040000000000
0053533892 0000000000,565U.F.02010119903112999904
0053540643 0105200509901052005040000000000
0053540643 0000000002,304U.F.02010119903112999904
0053546498 0105200500001052005040000000000
005354651K 0105200507101052005040000000000
005354651K 0000000002,458U.F.02010119903112999904
0053575277 0105200500001052005040000000000
005361230K 0105200506701052005040000000000
005361230K 0000000005,020U.F.02010119903112999904
0053657249 0105200507101052005040000000000
0053657249 0000000003,028U.F.02010119903112999904
0053661009 0105200508801052005040000000000
0053661009 0000000003,610U.F.02010119903112999904
0053695108 0105200508001052005040000000000
0053695108 0000000003,860U.F.02010119903112999904
0053766595 0105200500001052005040000000000
0053770762 0105200507401052005040000000000
0053770762 0000000003,340U.F.02010119903112999904
0053802125 01052005   01052005040000000000
0053802125 0000000006,180U.F.02010119003112999904
0053856063 0105200507401052005040000000000
0053856063 0000000004,420U.F.02010119903112999904
0053866654 0105200507101052005040000000000
0053866654 0000000003,038U.F.02010119903112999904
0053907733 0105200507101052005040000000000
0053907733 0000000000,132U.F.01010119903112999904
0053920306 0105200506701052005040000000000
0053920306 0000000003,080U.F.02010119903112999904
005394731K 0105200507101052005040000000000
005394731K 0000000005,536U.F.02010119903112999904
0053958540 0105200500001052005040000000000
0053986463 0105200507401052005040000000000
0053986463 0000000004,250U.F.02010119903112999904
0054048408 0105200508001052005040000000000
0054048408 0000000005,300U.F.02010119903112999904
0054064470 0105200500001052005040000000000
0054099428 0105200507101052005040000000000
0054099428 0000000005,556U.F.02010119903112999904
0054178247 0105200508001052005040000000000
0054178247 0000000003,030U.F.02010119903112999904
0054271697 0105200500001052005040000000000
0054279698 0105200508101052005040000000000
0054279698 0000074129,000   $02010119903112999904
0054349904 0105200506701052005040000000000
0054349904 0000000003,450U.F.02010119903112999904
0054393164 0105200508801052005040000000000
0054393164 0000000004,850U.F.02010119903112999904
0054422083 0105200507101052005040000000000
0054422083 0000000004,458U.F.02010119903112999904
0054424388 0105200508801052005040000000000
0054424388 0000000003,690U.F.02010119903112999904
0054438338 0105200507101052005040000000000
0054438338 0000000002,637U.F.02010119903112999904
0054459769 0105200507101052005040000000000
0054459769 0000000000,176U.F.01010119903112999904
0054537441 0105200500001052005040000000000
0054561504 0105200507101052005040000000000
0054561504 0000000000,044U.F.01010119903112999904
005458704K 0105200500001052005040000000000
0054596960 0105200507101052005040000000000
0054596960 0000000001,302U.F.02010119903112999904
0054610947 0105200500001052005040000000000
0054637845 0105200500001052005040000000000
0054862660 0105200508001052005040000000000
0054862660 0000000004,620U.F.02010119903112999904
0054870256 0105200507101052005040000000000
0054870256 0000000000,220U.F.01010119903112999904
005490407K 0105200500001052005040000000000
0054948034 0105200500001052005040000000000
0055020787 0105200507401052005040000000000
0055020787 0000000004,160U.F.02010720033112999904
0055155690 0105200507101052005040000000000
0055155690 0000000003,366U.F.02010119903112999904
0055188459 0105200500001052005040000000000
0055195757 0105200500001052005040000000000
0055367302 0105200507401052005040000000000
0055367302 0000000003,350U.F.02010119903112999904
0055391793 0105200500001052005040000000000
0055406480 0105200506701052005040000000000
0055406480 0000000006,250U.F.02010119903112999904
0055816913 0105200500001052005040000000000
0055850658 0105200507101052005040000000000
0055850658 0000000003,328U.F.02010119903112999904
0055886695 0105200508001052005040000000000
0055886695 0000000003,930U.F.02010119903112999904
0055948704 0105200500001052005040000000000
0055964998 0105200507101052005040000000000
0055964998 0000000003,598U.F.02010119903112999904
0056001972 0105200507101052005040000000000
0056001972 0000000000,220U.F.01010119903112999904
0056022643 0105200507401052005040000000000
0056022643 0000000004,410U.F.02010119903112999904
0056079262 0105200507401052005040000000000
0056079262 0000000003,360U.F.02010119903112999904
0056110046 0105200509901052005040000000000
0056110046 0000000004,515U.F.02010119903112999904
0056116974 0105200507101052005040000000000
0056116974 0000000002,708U.F.02010119903112999904
0056172874 0105200506701052005040000000000
0056172874 0000000002,630U.F.02010119903112999904
0056307583 0105200507101052005040000000000
0056307583 0000000006,954U.F.02010119903112999904
0056438130 0105200500001052005040000000000
0056440518 0105200507101052005040000000000
0056440518 0000000006,800U.F.02010119903112999904
0056440674 0105200500001052005040000000000
0056512675 0105200500001052005040000000000
0056527206 0105200507401052005040000000000
0056527206 0000000003,720U.F.02010119903112999904
0056612017 0105200508001052005040000000000
0056612017 0000000003,990U.F.02010119903112999904
0056612017 0000000000,140U.F.01010119903112999904
005668722K 0105200507101052005040000000000
005668722K 0000000004,416U.F.02010119903112999904
0056803823 0105200507101052005040000000000
0056803823 0000000005,982U.F.02010119903112999904
0056884106 0105200506701052005040000000000
0056884106 0000000004,410U.F.02010119903112999904
0056889140 0105200509901052005040000000000
0056889140 0000000003,190U.F.02010119903112999904
0056975160 0105200500001052005040000000000
005711522K 0105200507101052005040000000000
005711522K 0000000005,530U.F.02010119903112999904
0057135468 0105200510401052005040000000000
0057135468 0000049550,000   $02010119903112999904
0057135468 0000000000,156U.F.01010119903112999904
0057200073 0105200506701052005040000000000
0057200073 0000000005,350U.F.02010119903112999904
0057219408 0105200507101052005040000000000
0057219408 0000000002,628U.F.02010119903112999904
005722388K 0105200507101052005040000000000
005722388K 0000000004,242U.F.02010119903112999904
0057272929 0105200500001052005040000000000
0057332883 0105200510401052005040000000000
0057332883 0000000000,208U.F.01010119903112999904
0057351667 0105200509901052005040000000000
0057351667 0000000005,400U.F.02010119903112999904
0057589191 0105200508001052005040000000000
0057589191 0000000006,000U.F.02010119903112999904
0057589191 0000000000,280U.F.01010119903112999904
0057598395 0105200500001052005040000000000
0057731486 0105200508001052005040000000000
0057731486 0000000003,220U.F.02010119903112999904
0057785896 0105200507101052005040000000000
0057785896 0000000000,176U.F.01010119903112999904
0058016276 0105200507401052005040000000000
0058016276 0000000004,520U.F.02010119903112999904
0058076058 0105200507401052005040000000000
0058076058 0000000003,830U.F.02010119903112999904
0058138665 0105200507101052005040000000000
0058138665 0000000004,530U.F.02010220013112999904
005828372K 0105200500001052005040000000000
0058284912 0105200507101052005040000000000
0058284912 0000000003,470U.F.02010119903112999904
0058425478 0105200500001052005040000000000
0058463248 0105200500001052005040000000000
0058525537 0105200508801052005040000000000
0058525537 0000000003,290U.F.02010119903112999904
0058531332 0105200507101052005040000000000
0058531332 0000000000,132U.F.01010119903112999904
0058535907 0105200508801052005040000000000
0058535907 0000000005,670U.F.02010119903112999904
0058635960 0105200507101052005040000000000
0058635960 0000000000,220U.F.01010119903112999904
0058637300 0105200506501052005040000000000
0058637300 0000000006,734U.F.02010119903112999904
0058689424 0105200500001052005040000000000
0058800597 0105200507101052005040000000000
0058800597 0000000004,218U.F.02010119903112999904
005881959K 0105200507101052005040000000000
005881959K 0000000000,176U.F.01010119903112999904
0058841404 0105200506701052005040000000000
0058841404 0000000004,780U.F.02010920013112999904
0058873675 0105200507101052005040000000000
0058873675 0000000002,528U.F.02010119903112999904
0058900400 0105200509901052005040000000000
0058900400 0000062889,000   $02010119903112999904
0058900400 0000000000,090U.F.01010119903112999904
0058942162 0105200506701052005040000000000
0058942162 0000000003,720U.F.02010119903112999904
0058995940 0105200507101052005040000000000
0058995940 0000000004,122U.F.02010119903112999904
0059013173 0105200500001052005040000000000
0059121472 0105200507101052005040000000000
0059121472 0000000002,982U.F.02010119903112999904
0059124838 0105200507101052005040000000000
0059124838 0000000000,044U.F.01010119903112999904
0059277162 0105200508001052005040000000000
0059277162 0000000004,270U.F.02011020013112999904
0059321765 0105200507101052005040000000000
0059321765 0000000000,088U.F.01010119903112999904
0059435159 0105200507101052005040000000000
0059435159 0000000006,108U.F.02010119903112999904
0059438107 0105200507101052005040000000000
0059438107 0000000003,188U.F.02010119903112999904
0059439626 0105200507101052005040000000000
0059439626 0000000002,768U.F.02010119903112999904
0059451499 0105200508001052005040000000000
0059451499 0000000006,580U.F.02010119903112999904
0059555197 0105200509901052005040000000000
0059555197 0000000003,540U.F.02010119903112999904
0059564803 0105200507401052005040000000000
0059564803 0000000004,410U.F.02010119903112999904
0059566636 0105200500001052005040000000000
0059610554 0105200500001052005040000000000
0059687484 0105200507401052005040000000000
0059687484 0000000002,700U.F.02010119903112999904
0059752340 0105200507101052005040000000000
0059752340 0000000003,592U.F.02010119903112999904
0059846914 0105200507101052005040000000000
0059846914 0000000004,406U.F.02010119903112999904
0059888099 0105200507401052005040000000000
0059888099 0000000003,000U.F.02010119903112999904
0059906925 0105200507401052005040000000000
0059906925 0000000002,410U.F.02010119903112999904
0059988816 0105200508801052005040000000000
0059988816 0000000004,940U.F.02010119903112999904
0059988816 0000000000,150U.F.01010119903112999904
0060027625 0105200507101052005040000000000
0060027625 0000000006,102U.F.02010119903112999904
0060158827 0105200507101052005040000000000
0060158827 0000000005,214U.F.02010119903112999904
0060192391 0105200510401052005040000000000
0060192391 0000000000,260U.F.01010119903112999904
0060437653 0105200507101052005040000000000
0060437653 0000000005,072U.F.02010119903112999904
006058401K 0105200508001052005040000000000
006058401K 0000000004,080U.F.02010119903112999904
0060759928 0105200507101052005040000000000
0060759928 0000000000,132U.F.01010119903112999904
0060885206 0105200500001052005040000000000
0060980020 0105200507401052005040000000000
0060980020 0000000004,410U.F.02010119903112999904
0061012567 0105200500001052005040000000000
0061141448 0105200507101052005040000000000
0061141448 0000000005,170U.F.02010119903112999904
0061175113 0105200507401052005040000000000
0061175113 0000000002,610U.F.02010119903112999904
0061316426 0105200508801052005040000000000
0061316426 0000000004,780U.F.02010119903112999904
0061382666 0105200507101052005040000000000
0061382666 0000000003,866U.F.02010119903112999904
0061470646 0105200507401052005040000000000
0061470646 0000000007,970U.F.02010119903112999904
0061484191 0105200508801052005040000000000
0061484191 0000000004,250U.F.02011020023112999904
0061484744 0105200507101052005040000000000
0061484744 0000000000,088U.F.01010119903112999904
0061487603 0105200507401052005040000000000
0061487603 0000000004,420U.F.02010119903112999904
0061503838 0105200507101052005040000000000
0061503838 0000000002,480U.F.02010119903112999904
0061503838 0000000000,044U.F.01010119903112999904
0061523499 0105200507101052005040000000000
0061523499 0000000004,264U.F.02010119903112999904
0061572961 0105200507101052005040000000000
0061572961 0000000002,986U.F.02010119903112999904
0061583009 0105200508001052005040000000000
0061583009 0000000003,940U.F.02010119903112999904
0061622063 0105200509901052005040000000000
0061622063 0000000003,090U.F.02010119903112999904
0061640061 0105200507101052005040000000000
0061640061 0000000003,292U.F.02010119903112999904
0061705090 0105200500001052005040000000000
0061741275 0105200500001052005040000000000
0061788638 0105200500001052005040000000000
0061809562 0105200507101052005040000000000
0061809562 0000000004,390U.F.02010119903112999904
0061841822 0105200507401052005040000000000
0061841822 0000000003,200U.F.02010119903112999904
0061881468 0105200507101052005040000000000
0061881468 0000000003,452U.F.02010119903112999904
0061918191 0105200508001052005040000000000
0061918191 0000000004,530U.F.02010119903112999904
0061918191 0000000000,350U.F.01010119903112999904
0062028297 0105200507401052005040000000000
0062028297 0000000004,010U.F.02010119903112999904
0062195770 0105200507101052005040000000000
0062195770 0000000003,138U.F.02010119903112999904
0062379634 0105200507401052005040000000000
0062379634 0000000002,930U.F.02010119903112999904
0062534664 0105200507101052005040000000000
0062534664 0000000005,496U.F.02010119903112999904
0062592818 0105200507101052005040000000000
0062592818 0000000004,876U.F.02010119903112999904
0062634626 0105200507401052005040000000000
0062634626 0000000004,970U.F.02010119903112999904
0062685514 0105200508001052005040000000000
0062685514 0000000003,240U.F.02010119903112999904
0062685514 0000000000,210U.F.01010119903112999904
0062740256 0105200500001052005040000000000
0062761008 0105200500001052005040000000000
0062890924 0105200507101052005040000000000
0062890924 0000000005,526U.F.02010119903112999904
0062940441 0105200507101052005040000000000
0062940441 0000000006,934U.F.02010119903112999904
0063037710 0105200500001052005040000000000
0063042811 0105200508001052005040000000000
0063042811 0000000005,180U.F.02010119903112999904
0063068888 0105200510401052005040000000000
0063068888 0000049550,000   $02010119903112999904
0063068888 0000000000,156U.F.01010119903112999904
0063097640 0105200507401052005040000000000
0063097640 0000000004,460U.F.02010119903112999904
0063168114 0105200508001052005040000000000
0063168114 0000000005,220U.F.02010119903112999904
0063198110 0105200500001052005040000000000
0063221287 0105200507101052005040000000000
0063221287 0000000005,572U.F.02010119903112999904
0063243434 0105200507401052005040000000000
0063243434 0000000004,600U.F.02010119903112999904
0063246980 0105200500001052005040000000000
0063250937 0105200507101052005040000000000
0063250937 0000000005,124U.F.02010119903112999904
0063295736 0105200507101052005040000000000
0063295736 0000000005,560U.F.02010119903112999904
0063303321 0105200507101052005040000000000
0063303321 0000000002,656U.F.02010119903112999904
0063549541 0105200507401052005040000000000
0063549541 0000000003,600U.F.02010119903112999904
0063680516 0105200507401052005040000000000
0063680516 0000000005,080U.F.02010920043112999904
0063699020 0105200507101052005040000000000
0063699020 0000000002,174U.F.02010119903112999904
0063808016 0105200507101052005040000000000
0063808016 0000000005,404U.F.02010119903112999904
0063906085 0105200507101052005040000000000
0063906085 0000000005,136U.F.02010119903112999904
006397269K 0105200500001052005040000000000
0063984744 0105200507101052005040000000000
0063984744 0000000003,526U.F.02010119903112999904
0063993484 0105200509901052005040000000000
0063993484 0000000002,520U.F.02010119903112999904
0063997196 0105200507101052005040000000000
0063997196 0000000000,220U.F.01010119903112999904
0064005227 0105200507401052005040000000000
0064005227 0000000002,700U.F.02010119903112999904
0064024361 0105200507101052005040000000000
0064024361 0000000004,560U.F.02010119903112999904
0064031597 0105200508801052005040000000000
0064031597 0000000004,030U.F.02010119903112999904
0064139134 0105200507101052005040000000000
0064139134 0000000005,768U.F.02010119903112999904
0064346989 0105200507101052005040000000000
0064346989 0000000004,390U.F.02010119903112999904
0064528475 0105200500001052005040000000000
0064550101 0105200507101052005040000000000
0064550101 0000000004,056U.F.02010119903112999904
0064639021 0105200507401052005040000000000
0064639021 0000000001,440U.F.02010119903112999904
006465005K 0105200509901052005040000000000
006465005K 0000000001,840U.F.02010119903112999904
0064685597 0105200507101052005040000000000
0064685597 0000000004,520U.F.02010119903112999904
0064699113 0105200508001052005040000000000
0064699113 0000000003,510U.F.02010119903112999904
006473203K 0105200507101052005040000000000
006473203K 0000000003,946U.F.02010119903112999904
0064750399 0105200508801052005040000000000
0064750399 0000000002,200U.F.02010119903112999904
0064770586 0105200507401052005040000000000
0064770586 0000000003,860U.F.02010119903112999904
0064843982 0105200507101052005040000000000
0064843982 0000000003,410U.F.02010119903112999904
0064870416 0105200507101052005040000000000
0064870416 0000000000,132U.F.01010119903112999904
0065001179 0105200507101052005040000000000
0065001179 0000000000,132U.F.01010119903112999904
0065030039 0105200500001052005040000000000
006505504K 0105200500001052005040000000000
0065063506 0105200500001052005040000000000
0065075164 0105200507101052005040000000000
0065075164 0000000004,256U.F.02010119903112999904
0065112094 0105200507101052005040000000000
0065112094 0000000002,380U.F.02010119903112999904
0065112094 0000000000,132U.F.01010119903112999904
0065193442 0105200508001052005040000000000
0065193442 0000000004,670U.F.02010119903112999904
0065223201 0105200508001052005040000000000
0065223201 0000000003,630U.F.02010119903112999904
0065307812 0105200507101052005040000000000
0065307812 0000000004,696U.F.02010119903112999904
006541631K 0105200506701052005040000000000
006541631K 0000000005,830U.F.02010119903112999904
0065455471 0105200507401052005040000000000
0065455471 0000000001,740U.F.02010119903112999904
0065474042 0105200507401052005040000000000
0065474042 0000000004,630U.F.02010119903112999904
0065482444 0105200507101052005040000000000
0065482444 0000000003,434U.F.02010119903112999904
0065719622 0105200500001052005040000000000
0065785676 0105200507101052005040000000000
0065785676 0000000005,010U.F.02010920013112999904
0065916851 0105200507101052005040000000000
0065916851 0000000003,386U.F.02010119903112999904
0066024296 0105200507101052005040000000000
0066024296 0000000000,088U.F.01010119903112999904
0066066649 0105200507101052005040000000000
0066066649 0000000000,176U.F.01010119903112999904
0066118916 0105200508801052005040000000000
0066118916 0000000004,730U.F.02010119903112999904
0066169731 0105200507101052005040000000000
0066169731 0000000000,088U.F.01010119903112999904
0066275841 0105200507101052005040000000000
0066275841 0000000003,396U.F.02010119903112999904
0066411060 0105200506701052005040000000000
0066411060 0000000003,760U.F.02010119903112999904
0066428249 0105200507401052005040000000000
0066428249 0000000006,410U.F.02010119903112999904
0066584968 0105200507101052005040000000000
0066584968 0000000004,036U.F.02010119903112999904
0066680258 0105200507401052005040000000000
0066680258 0000000003,765U.F.02010119903112999904
0066922375 0105200507101052005040000000000
0066922375 0000000005,600U.F.02010119903112999904
0067175646 0105200509901052005040000000000
0067175646 0000055749,000   $02010119903112999904
0067175646 0000000000,090U.F.01010119903112999904
0067434994 0105200500001052005040000000000
0067483987 0105200507401052005040000000000
0067483987 0000000003,210U.F.02010119903112999904
0067558960 0105200508801052005040000000000
0067558960 0000000003,530U.F.02010119903112999904
0067572483 0105200507401052005040000000000
0067572483 0000000004,190U.F.02010119903112999904
0067635477 0105200508801052005040000000000
0067635477 0000000003,070U.F.02010119903112999904
0067691741 0105200500001052005040000000000
0067700562 0105200507101052005040000000000
0067700562 0000000005,196U.F.02010119903112999904
0067732170 0105200506701052005040000000000
0067732170 0000000004,240U.F.02010119903112999904
0067732804 0105200507101052005040000000000
0067732804 0000000000,176U.F.01010119903112999904
0067740092 0105200507101052005040000000000
0067740092 0000000004,208U.F.02010119903112999904
0067757092 0105200507101052005040000000000
0067757092 0000000003,162U.F.02010119903112999904
0067887913 0105200509901052005040000000000
0067887913 0000000002,105U.F.02010119903112999904
0067985613 0105200508001052005040000000000
0067985613 0000000005,340U.F.02010119903112999904
0068004268 0105200500001052005040000000000
0068022223 0105200507101052005040000000000
0068022223 0000000000,176U.F.01010119903112999904
0068047641 0105200507101052005040000000000
0068047641 0000000004,062U.F.02010119903112999904
0068052750 0105200500001052005040000000000
0068094534 0105200508801052005040000000000
0068094534 0000000002,910U.F.02010119903112999904
0068148022 0105200507101052005040000000000
0068148022 0000000003,860U.F.02010119903112999904
0068148022 0000000000,132U.F.01010119903112999904
0068164281 0105200507101052005040000000000
0068164281 0000000005,420U.F.02010119903112999904
0068306264 0105200500001052005040000000000
0068342414 0105200507401052005040000000000
0068342414 0000000003,520U.F.02010119903112999904
0068399165 0105200507101052005040000000000
0068399165 0000000000,088U.F.01010119903112999904
0068407443 0105200500001052005040000000000
0068544068 0105200507101052005040000000000
0068544068 0000000004,822U.F.02010119903112999904
0068630169 0105200507101052005040000000000
0068630169 0000000006,426U.F.02010119903112999904
0068811260 0105200500001052005040000000000
0068829666 0105200506701052005040000000000
0068829666 0000000006,520U.F.02010119903112999904
0069021980 0105200507101052005040000000000
0069021980 0000000004,614U.F.02010119903112999904
0069098177 0105200507401052005040000000000
0069098177 0000000002,760U.F.02010119903112999904
0069116728 0105200508801052005040000000000
0069116728 0000000005,310U.F.02010119903112999904
0069353282 0105200500001052005040000000000
0069412270 0105200507401052005040000000000
0069412270 0000000003,210U.F.02010119903112999904
006942791K 0105200507101052005040000000000
006942791K 0000000003,492U.F.02010119903112999904
0069519709 0105200507101052005040000000000
0069519709 0000000002,976U.F.02010119903112999904
0069695612 0105200507101052005040000000000
0069695612 0000000003,406U.F.02010119903112999904
0069829333 0105200507101052005040000000000
0069829333 0000000003,610U.F.02010119903112999904
0069900410 0105200507401052005040000000000
0069900410 0000000002,350U.F.02010119903112999904
006997323K 0105200508801052005040000000000
006997323K 0000000004,670U.F.02010119903112999904
0070503425 0105200507101052005040000000000
0070503425 0000000003,546U.F.02010119903112999904
0070654458 0105200500001052005040000000000
0070680882 0105200508801052005040000000000
0070680882 0000000002,930U.F.02010119903112999904
0070762331 0105200507101052005040000000000
0070762331 0000000005,778U.F.02010119903112999904
0070815761 0105200507101052005040000000000
0070815761 0000000000,264U.F.01010119903112999904
0070991020 0105200508001052005040000000000
0070991020 0000000005,560U.F.02010119903112999904
0070998289 0105200507101052005040000000000
0070998289 0000000003,452U.F.02010119903112999904
0071148270 0105200500001052005040000000000
0071194256 0105200508001052005040000000000
0071194256 0000000004,150U.F.02010119903112999904
0071221075 0105200507101052005040000000000
0071221075 0000000002,876U.F.02010119903112999904
0071231704 0105200507101052005040000000000
0071231704 0000000002,762U.F.02010119903112999904
0071399788 0105200508801052005040000000000
0071399788 0000000004,880U.F.02010119903112999904
0071427811 0105200500001052005040000000000
0071429407 0105200508001052005040000000000
0071429407 0000000004,890U.F.02010119903112999904
0071429652 0105200507101052005040000000000
0071429652 0000000004,406U.F.02010119903112999904
0071491358 0105200509901052005040000000000
0071491358 0000000006,170U.F.02010119903112999904
0071567699 0105200507401052005040000000000
0071567699 0000000002,700U.F.02010119903112999904
0071595781 0105200507401052005040000000000
0071595781 0000000004,900U.F.02010119903112999904
0071818624 0105200508801052005040000000000
0071818624 0000000003,430U.F.02010119903112999904
0071818799 0105200509901052005040000000000
0071818799 0000000000,225U.F.01010119903112999904
0071827291 0105200507401052005040000000000
0071827291 0000000002,550U.F.02010119903112999904
007186281K 0105200507101052005040000000000
007186281K 0000000003,866U.F.02010119903112999904
0071876160 0105200508801052005040000000000
0071876160 0000000003,740U.F.02010119903112999904
0072193466 0105200507101052005040000000000
0072193466 0000000003,860U.F.02010119903112999904
0072340337 0105200508001052005040000000000
0072340337 0000000004,560U.F.02010119903112999904
0072340337 0000000000,210U.F.01010119903112999904
0072558960 0105200507101052005040000000000
0072558960 0000000005,560U.F.02010119903112999904
0072605950 0105200507401052005040000000000
0072605950 0000000002,700U.F.02010119903112999904
007274442K 0105200508001052005040000000000
007274442K 0000000004,460U.F.02010119903112999904
0072926625 0105200507101052005040000000000
0072926625 0000000002,958U.F.02010119903112999904
0073268265 0105200508001052005040000000000
0073268265 0000000003,641U.F.02010119903112999904
0073307120 0105200507401052005040000000000
0073307120 0000000002,790U.F.02010119903112999904
0073314348 0105200507401052005040000000000
0073314348 0000000004,950U.F.02011020043112999904
0073351588 0105200508001052005040000000000
0073351588 0000000004,740U.F.02010119903112999904
0073351588 0000000000,140U.F.01010119903112999904
0073355559 0105200507101052005040000000000
0073355559 0000000003,706U.F.02010119903112999904
0073360749 0105200500001052005040000000000
0073526426 0105200507101052005040000000000
0073526426 0000000003,292U.F.02010119903112999904
0073548179 0105200507101052005040000000000
0073548179 0000000003,460U.F.02010119903112999904
007375433K 0105200507101052005040000000000
007375433K 0000000000,176U.F.01010119903112999904
0073824591 0105200507101052005040000000000
0073824591 0000000003,446U.F.02010119903112999904
0073851289 0105200507101052005040000000000
0073851289 0000000000,220U.F.01010119903112999904
0073909023 0105200508001052005040000000000
0073909023 0000000004,590U.F.02010119903112999904
0073909023 0000000000,210U.F.01010119903112999904
0073972523 0105200500001052005040000000000
0073985099 0105200508801052005040000000000
0073985099 0000000004,450U.F.02010119903112999904
0074072410 0105200508801052005040000000000
0074072410 0000000005,180U.F.02010119903112999904
0074079644 0105200500001052005040000000000
0074225527 0105200507101052005040000000000
0074225527 0000000005,042U.F.02010119903112999904
0074247385 0105200500001052005040000000000
0074264441 0105200500001052005040000000000
007426445K 0105200500001052005040000000000
0074286380 0105200507101052005040000000000
0074286380 0000000003,436U.F.02010119903112999904
0074331998 0105200507401052005040000000000
0074331998 0000000004,140U.F.02010119903112999904
0074500560 0105200507401052005040000000000
0074500560 0000000004,310U.F.02010119903112999904
0074586716 0105200507101052005040000000000
0074586716 0000000000,264U.F.01010119903112999904
0074648517 0105200507401052005040000000000
0074648517 0000000003,930U.F.02010119903112999904
007505520K 0105200508801052005040000000000
007505520K 0000000004,420U.F.02010119903112999904
0075088221 0105200507401052005040000000000
0075088221 0000000003,465U.F.02010119903112999904
0075533659 0105200507101052005040000000000
0075533659 0000000005,116U.F.02010119903112999904
0075562209 0105200507401052005040000000000
0075562209 0000000004,510U.F.02010119903112999904
0075564147 0105200507401052005040000000000
0075564147 0000000004,290U.F.02010119903112999904
0075571038 0105200507101052005040000000000
0075571038 0000000003,126U.F.02010119903112999904
0075571321 0105200506701052005040000000000
0075571321 0000000004,290U.F.02010119903112999904
0075609957 0105200507101052005040000000000
0075609957 0000000002,608U.F.02010119903112999904
0075901518 0105200507401052005040000000000
0075901518 0000000003,530U.F.02010119903112999904
0075973896 0105200509901052005040000000000
0075973896 0000000006,830U.F.02010119903112999904
0075973896 0000000000,180U.F.01010119903112999904
0075985274 0105200507101052005040000000000
0075985274 0000000004,596U.F.02010119903112999904
0075986572 0105200508801052005040000000000
0075986572 0000000004,170U.F.02010119903112999904
0075990871 0105200507401052005040000000000
0075990871 0000000004,200U.F.02010920043112999904
0076040826 0105200510401052005040000000000
0076040826 0000000003,128U.F.02010119903112999904
0076127646 0105200507101052005040000000000
0076127646 0000000004,332U.F.02010119903112999904
0076287996 0105200500001052005040000000000
0076337128 0105200500001052005040000000000
0076467889 0105200507101052005040000000000
0076467889 0000000000,132U.F.01010119903112999904
007647432K 0105200508801052005040000000000
007647432K 0000000003,940U.F.02010119903112999904
0076663017 0105200506701052005040000000000
0076663017 0000000003,490U.F.02010119903112999904
0076671834 0105200507101052005040000000000
0076671834 0000000003,848U.F.02010119903112999904
0076689008 0105200507101052005040000000000
0076689008 0000000003,996U.F.02010119903112999904
007671195K 0105200507401052005040000000000
007671195K 0000000003,590U.F.02010119903112999904
0076934495 0105200508001052005040000000000
0076934495 0000000003,550U.F.02010119903112999904
0076993556 0105200507101052005040000000000
0076993556 0000000003,936U.F.02010119903112999904
0077011625 0105200507101052005040000000000
0077011625 0000000004,610U.F.02010119903112999904
0077011625 0000000000,132U.F.01010119903112999904
0077057994 0105200500001052005040000000000
0077291814 0105200507101052005040000000000
0077291814 0000000004,070U.F.02010119903112999904
0077314474 0105200507101052005040000000000
0077314474 0000000004,412U.F.02011120013112999904
0077490183 0105200500001052005040000000000
0077505415 0105200500001052005040000000000
0077616535 0105200507401052005040000000000
0077616535 0000000004,940U.F.02010119903112999904
0077638326 0105200507401052005040000000000
0077638326 0000000003,230U.F.02010119903112999904
0077639675 0105200508001052005040000000000
0077639675 0000000004,910U.F.02010119903112999904
0077667318 0105200500001052005040000000000
0077682031 0105200510401052005040000000000
0077682031 0000000000,260U.F.01010119903112999904
0077900926 0105200508801052005040000000000
0077900926 0000000002,900U.F.02010119903112999904
0077959505 0105200507101052005040000000000
0077959505 0000000003,310U.F.02010119903112999904
0077976353 0105200500001052005040000000000
0078217138 0105200507101052005040000000000
0078217138 0000000003,460U.F.02010119903112999904
0078227362 0105200500001052005040000000000
007829678K 0105200500001052005040000000000
0078307110 0105200500001052005040000000000
007852278K 0105200507401052005040000000000
007852278K 0000000002,770U.F.02010119903112999904
0078670231 0105200507101052005040000000000
0078670231 0000000000,176U.F.01010119903112999904
0078726210 0105200507101052005040000000000
0078726210 0000000000,176U.F.01010119903112999904
0078744189 0105200507401052005040000000000
0078744189 0000000004,120U.F.02010119903112999904
0078810602 0105200507401052005040000000000
0078810602 0000000003,690U.F.02010119903112999904
0078810602 0000000000,140U.F.01010119903112999904
0078879203 0105200507101052005040000000000
0078879203 0000000003,436U.F.02010119903112999904
0078937246 0105200507101052005040000000000
0078937246 0000000003,786U.F.02010119903112999904
0078996757 0105200507101052005040000000000
0078996757 0000000004,082U.F.02010119903112999904
0079034797 0105200507401052005040000000000
0079034797 0000000002,700U.F.02010119903112999904
0079093041 0105200507401052005040000000000
0079093041 0000000004,346U.F.02010119903112999904
0079093041 0000000000,175U.F.01010119903112999904
0079129860 0105200507401052005040000000000
0079129860 0000000001,470U.F.02010119003112999904
0079129879 0105200508801052005040000000000
0079129879 0000000003,890U.F.02010119903112999904
0079144886 0105200508001052005040000000000
0079144886 0000000002,580U.F.02010119903112999904
0079179140 0105200508001052005040000000000
0079179140 0000000004,460U.F.02010119903112999904
0079286273 0105200507101052005040000000000
0079286273 0000000002,462U.F.02010119903112999904
0079350680 0105200507101052005040000000000
0079350680 0000000002,252U.F.02010119903112999904
0079426008 0105200508001052005040000000000
0079426008 0000000004,690U.F.02010119903112999904
007949173K 0105200507101052005040000000000
007949173K 0000000003,916U.F.02010119903112999904
007961159K 0105200508001052005040000000000
007961159K 0000000004,200U.F.02010119903112999904
0079643327 0105200500001052005040000000000
0079691577 0105200507401052005040000000000
0079691577 0000000003,170U.F.02010119903112999904
007971027K 0105200500001052005040000000000
0079788821 0105200507101052005040000000000
0079788821 0000000005,138U.F.02010119903112999904
0079798606 0105200508001052005040000000000
0079798606 0000000004,340U.F.02010119903112999904
0079901040 0105200507101052005040000000000
0079901040 0000000002,886U.F.02010119903112999904
0079927546 0105200500001052005040000000000
0079933066 0105200507101052005040000000000
0079933066 0000000006,690U.F.02010920013112999904
0080176171 0105200507401052005040000000000
0080176171 0000000004,000U.F.02010119903112999904
0080190832 0105200509901052005040000000000
0080190832 0000000002,980U.F.02010119903112999904
0080190832 0000000000,180U.F.01010119903112999904
0080235984 0105200509901052005040000000000
0080235984 0000000005,055U.F.02010119903112999904
0080311192 0105200507101052005040000000000
0080311192 0000000010,072U.F.02010119903112999904
0080376669 0105200506701052005040000000000
0080376669 0000000006,710U.F.02010420043112999904
0080538715 0105200500001052005040000000000
0080585837 0105200507401052005040000000000
0080585837 0000000004,160U.F.02010119903112999904
008059867K 0105200508001052005040000000000
008059867K 0000000004,500U.F.02010119903112999904
0080667159 0105200507101052005040000000000
0080667159 0000000000,176U.F.01010119903112999904
0080712987 0105200507101052005040000000000
0080712987 0000000003,590U.F.02010119903112999904
008071551K 0105200507401052005040000000000
008071551K 0000000003,020U.F.02010119903112999904
0080841078 0105200507401052005040000000000
0080841078 0000000005,110U.F.02010119903112999904
0080856121 0105200507401052005040000000000
0080856121 0000000005,640U.F.02010119903112999904
0080904819 0105200507101052005040000000000
0080904819 0000000003,172U.F.02010119003112999904
0080905602 0105200508801052005040000000000
0080905602 0000000004,370U.F.02010119903112999904
0080936869 0105200500001052005040000000000
0080939965 0105200507101052005040000000000
0080939965 0000000000,264U.F.01010119903112999904
0080958374 0105200507101052005040000000000
0080958374 0000000003,211U.F.02010119903112999904
0080990383 0105200500001052005040000000000
0080994060 0105200508001052005040000000000
0080994060 0000000006,170U.F.02010119903112999904
0080994060 0000000000,350U.F.01010119903112999904
0081041571 0105200507101052005040000000000
0081041571 0000000002,612U.F.02010119903112999904
008130520K 0105200507101052005040000000000
008130520K 0000000004,170U.F.02010119903112999904
0081373396 0105200506701052005040000000000
0081373396 0000000001,960U.F.02010119903112999904
0081385289 0105200506501052005040000000000
0081385289 0000000005,720U.F.02010119903112999904
0081393699 0105200507401052005040000000000
0081393699 0000000003,690U.F.02010119903112999904
0081415382 0105200508801052005040000000000
0081415382 0000000003,330U.F.02010119903112999904
0081479089 0105200507101052005040000000000
0081479089 0000000004,624U.F.02010119903112999904
0081551391 0105200507101052005040000000000
0081551391 0000000002,668U.F.02010119903112999904
0081571716 0105200508001052005040000000000
0081571716 0000000005,700U.F.02010119903112999904
0081613702 0105200509901052005040000000000
0081613702 0000000000,045U.F.01010119903112999904
0081620407 0105200500001052005040000000000
0081656320 0105200500001052005040000000000
0081725853 0105200507401052005040000000000
0081725853 0000000004,520U.F.02010119903112999904
0081873593 0105200507401052005040000000000
0081873593 0000000006,910U.F.02010119903112999904
0081888175 0105200509901052005040000000000
0081888175 0000000004,240U.F.02010119903112999904
0081959242 0105200500001052005040000000000
008208827K 0105200508801052005040000000000
008208827K 0000000004,470U.F.02010119903112999904
0082147535 0105200508801052005040000000000
0082147535 0000000003,370U.F.02010119903112999904
0082235833 0105200507101052005040000000000
0082235833 0000000005,080U.F.02010119903112999904
0082236627 0105200507101052005040000000000
0082236627 0000000003,900U.F.02010119903112999904
0082265902 0105200507101052005040000000000
0082265902 0000000003,960U.F.02010119903112999904
0082343121 0105200509901052005040000000000
0082343121 0000000005,100U.F.02010119903112999904
0082381511 0105200507101052005040000000000
0082381511 0000000005,540U.F.02010119903112999904
0082534180 0105200507101052005040000000000
0082534180 0000000006,056U.F.02010119903112999904
0082643184 0105200510401052005040000000000
0082643184 0000000003,118U.F.02010119903112999904
0082726055 0105200507101052005040000000000
0082726055 0000000006,506U.F.02011120013112999904
0082811850 0105200500001052005040000000000
0082812059 0105200500001052005040000000000
0082849939 0105200507101052005040000000000
0082849939 0000000000,308U.F.01010119903112999904
0082868690 0105200500001052005040000000000
008301170K 0105200507101052005040000000000
008301170K 0000000000,176U.F.01010119903112999904
0083018844 0105200507401052005040000000000
0083018844 0000000004,800U.F.02010119903112999904
0083028270 0105200508801052005040000000000
0083028270 0000000004,630U.F.02010119903112999904
0083043369 0105200506701052005040000000000
0083043369 0000000004,060U.F.02010119903112999904
0083098171 0105200509901052005040000000000
0083098171 0000000004,130U.F.02010119903112999904
0083188065 0105200508001052005040000000000
0083188065 0000000004,290U.F.02010119903112999904
0083472782 0105200500001052005040000000000
0083648023 0105200507401052005040000000000
0083648023 0000000003,860U.F.02010119903112999904
0083752661 0105200507101052005040000000000
0083752661 0000000003,348U.F.02010119903112999904
0083836938 0105200507101052005040000000000
0083836938 0000000002,696U.F.02010119903112999904
0083943203 0105200507101052005040000000000
0083943203 0000000003,790U.F.02010119903112999904
0083973625 0105200507101052005040000000000
0083973625 0000000000,220U.F.01010119903112999904
0084053619 0105200508001052005040000000000
0084053619 0000000005,070U.F.02010119903112999904
0084335657 0105200508001052005040000000000
0084335657 0000000003,280U.F.02010119903112999904
008434348K 0105200500001052005040000000000
0084365882 0105200507401052005040000000000
0084365882 0000000003,510U.F.02010119903112999904
0084488739 0105200507101052005040000000000
0084488739 0000000005,476U.F.02010119903112999904
0084517518 0105200507101052005040000000000
0084517518 0000000005,262U.F.02010119903112999904
0084824372 0105200508801052005040000000000
0084824372 0000000006,340U.F.02010820033112999904
0085080091 0105200509901052005040000000000
0085080091 0000000005,030U.F.02010119903112999904
008523370K 0105200508001052005040000000000
008523370K 0000000003,470U.F.02010119903112999904
008523370K 0000000000,140U.F.01010119903112999904
0085288431 0105200508001052005040000000000
0085288431 0000000004,840U.F.02010119903112999904
0085289950 0105200507101052005040000000000
0085289950 0000000003,406U.F.02010119903112999904
008557230K 0105200507101052005040000000000
008557230K 0000000003,096U.F.02010119903112999904
0085699601 0105200507101052005040000000000
0085699601 0000000004,962U.F.02010119903112999904
0085911848 0105200507101052005040000000000
0085911848 0000000003,566U.F.02010119903112999904
0086052687 0105200500001052005040000000000
0086054531 0105200507101052005040000000000
0086054531 0000000003,616U.F.02010119903112999904
0086086700 0105200507101052005040000000000
0086086700 0000000004,754U.F.02010119903112999904
0086093642 0105200500001052005040000000000
0086098652 0105200508001052005040000000000
0086098652 0000000005,110U.F.02010119903112999904
0086178362 0105200507101052005040000000000
0086178362 0000000003,664U.F.02010119903112999904
0086320142 0105200500001052005040000000000
0086417200 0105200507101052005040000000000
0086417200 0000000003,442U.F.02010119903112999904
0086541483 0105200507101052005040000000000
0086541483 0000000005,496U.F.02010220053112999904
0086725649 0105200509901052005040000000000
0086725649 0000000006,470U.F.02010119903112999904
0086845512 0105200508001052005040000000000
0086845512 0000000002,820U.F.02010119903112999904
0086852489 0105200508001052005040000000000
0086852489 0000000003,580U.F.02010119903112999904
0087006379 0105200500001052005040000000000
008708731K 0105200507401052005040000000000
008708731K 0000000004,500U.F.02010119903112999904
008708731K 0000000000,175U.F.01010119903112999904
0087222179 0105200500001052005040000000000
0087283577 0105200507101052005040000000000
0087283577 0000000000,176U.F.01010119903112999904
0087311651 0105200508801052005040000000000
0087311651 0000000004,120U.F.02010119903112999904
0087321347 0105200509901052005040000000000
0087321347 0000000002,810U.F.02010119903112999904
0087451992 0105200507101052005040000000000
0087451992 0000000002,966U.F.02010119903112999904
0087463230 0105200507401052005040000000000
0087463230 0000000003,250U.F.02010119903112999904
0087593002 0105200507101052005040000000000
0087593002 0000000003,756U.F.02010119903112999904
0087662934 0105200500001052005040000000000
0087778150 0105200507101052005040000000000
0087778150 0000000003,810U.F.02010119903112999904
0087880982 0105200500001052005040000000000
0087982688 0105200500001052005040000000000
0088017846 0105200507101052005040000000000
0088017846 0000000000,220U.F.01010119903112999904
0088042948 0105200507401052005040000000000
0088042948 0000000002,640U.F.02010119903112999904
0088157168 0105200508801052005040000000000
0088157168 0000000003,300U.F.02010119903112999904
0088305191 0105200507101052005040000000000
0088305191 0000000000,220U.F.01010119903112999904
0088367219 0105200507101052005040000000000
0088367219 0000000005,178U.F.02010119903112999904
008839447K 0105200508801052005040000000000
008839447K 0000000004,490U.F.02010119903112999904
008841439K 0105200507101052005040000000000
008841439K 0000000003,570U.F.02010119903112999904
0088444221 0105200500001052005040000000000
0088487842 0105200507101052005040000000000
0088487842 0000000003,102U.F.02010119903112999904
0088540077 0105200500001052005040000000000
0088592182 0105200508001052005040000000000
0088592182 0000000003,990U.F.02010119903112999904
0088629566 0105200507101052005040000000000
0088629566 0000000004,530U.F.02010119903112999904
0088746015 0105200507101052005040000000000
0088746015 0000000003,784U.F.02010920023112999904
0088804287 0105200508801052005040000000000
0088804287 0000000003,160U.F.02010119903112999904
0089028094 0105200507101052005040000000000
0089028094 0000000003,342U.F.02010119903112999904
0089111544 0105200509901052005040000000000
0089111544 0000000002,260U.F.02010119903112999904
0089180376 0105200507101052005040000000000
0089180376 0000000003,292U.F.02010119903112999904
0089195594 0105200509901052005040000000000
0089195594 0000000003,410U.F.02010119903112999904
0089208343 0105200500001052005040000000000
008923655K 0105200507401052005040000000000
008923655K 0000000004,560U.F.02010119903112999904
008929911K 0105200507101052005040000000000
008929911K 0000000003,310U.F.02010119903112999904
0089373239 0105200500001052005040000000000
0089377447 0105200508801052005040000000000
0089377447 0000000003,920U.F.02010119903112999904
0089407117 0105200509901052005040000000000
0089407117 0000000002,350U.F.02010119903112999904
0089546699 0105200507101052005040000000000
0089546699 0000000004,910U.F.02011020013112999904
0089817153 0105200500001052005040000000000
0089974364 0105200507401052005040000000000
0089974364 0000000003,190U.F.02010119903112999904
009013440K 0105200507101052005040000000000
009013440K 0000000003,410U.F.02010119903112999904
0090153382 0105200500001052005040000000000
0090170376 0105200500001052005040000000000
0090217801 0105200500001052005040000000000
0090219367 0105200509901052005040000000000
0090219367 0000000002,925U.F.02010119903112999904
0090232711 0105200508001052005040000000000
0090232711 0000000004,000U.F.02010119903112999904
0090234498 0105200508001052005040000000000
0090234498 0000000003,310U.F.02010119903112999904
0090234498 0000000000,210U.F.01010119903112999904
0090372513 0105200500001052005040000000000
0090489143 0105200507101052005040000000000
0090489143 0000000003,056U.F.02010119903112999904
0090514598 0105200507401052005040000000000
0090514598 0000000004,410U.F.02010119903112999904
0090524682 0105200500001052005040000000000
0090670484 0105200500001052005040000000000
0090690930 0105200500001052005040000000000
0090742884 0105200500001052005040000000000
0090743996 0105200500001052005040000000000
0090858645 0105200500001052005040000000000
0091011891 0105200508801052005040000000000
0091011891 0000000004,270U.F.02010119903112999904
0091012278 0105200508801052005040000000000
0091012278 0000000004,110U.F.02010119903112999904
0091028824 0105200508801052005040000000000
0091028824 0000000003,450U.F.02010119903112999904
0091081229 0105200500001052005040000000000
0091125811 0105200500001052005040000000000
0091140829 0105200508001052005040000000000
0091140829 0000000003,910U.F.02010119903112999904
0091329891 0105200509901052005040000000000
0091329891 0000000003,970U.F.02010119903112999904
0091421585 0105200507101052005040000000000
0091421585 0000000004,126U.F.02010119903112999904
0091474840 0105200507101052005040000000000
0091474840 0000000000,044U.F.01010119903112999904
0091620928 0105200508801052005040000000000
0091620928 0000000004,300U.F.02010119903112999904
0091647117 0105200507101052005040000000000
0091647117 0000000003,420U.F.02010119903112999904
0091681358 0105200507101052005040000000000
0091681358 0000000003,754U.F.02010119903112999904
0091770822 0105200508801052005040000000000
0091770822 0000000003,480U.F.02010119903112999904
0091805790 0105200500001052005040000000000
0091882728 0105200508801052005040000000000
0091882728 0000000003,960U.F.02010119903112999904
0091961040 0105200507401052005040000000000
0091961040 0000000004,890U.F.02010119903112999904
0091996421 0105200508001052005040000000000
0091996421 0000000004,170U.F.02011019903112999904
009200161K 0105200500001052005040000000000
0092219801 0105200500001052005040000000000
0092225666 0105200507101052005040000000000
0092225666 0000000003,120U.F.02010119903112999904
0092321576 0105200507401052005040000000000
0092321576 0000000004,350U.F.02010119903112999904
0092339904 0105200507101052005040000000000
0092339904 0000000002,872U.F.02010119903112999904
0092477681 0105200507101052005040000000000
0092477681 0000000003,604U.F.02010119903112999904
0092480933 0105200507101052005040000000000
0092480933 0000000003,360U.F.02010119903112999904
0092697738 0105200508001052005040000000000
0092697738 0000000003,570U.F.02010119903112999904
0092749223 0105200500001052005040000000000
0092764362 0105200508001052005040000000000
0092764362 0000000003,690U.F.02010119903112999904
0092861260 0105200507101052005040000000000
0092861260 0000000002,532U.F.02010119903112999904
0092896609 0105200508001052005040000000000
0092896609 0000000004,460U.F.02010119903112999904
0092903036 0105200507101052005040000000000
0092903036 0000000002,886U.F.02010119903112999904
0092905780 0105200508001052005040000000000
0092905780 0000000003,870U.F.02010119903112999904
0093015312 0105200507401052005040000000000
0093015312 0000000003,190U.F.02010119903112999904
0093174151 0105200507101052005040000000000
0093174151 0000000003,920U.F.02010119903112999904
0093238788 0105200500001052005040000000000
0093252152 0105200500001052005040000000000
0093290232 0105200500001052005040000000000
0093600452 0105200507401052005040000000000
0093600452 0000000002,800U.F.02010119903112999904
0093633024 0105200507101052005040000000000
0093633024 0000000003,516U.F.02010119903112999904
0093702417 0105200500001052005040000000000
0093909771 0105200507101052005040000000000
0093909771 0000000003,584U.F.02010119903112999904
0093991419 0105200507101052005040000000000
0093991419 0000000004,230U.F.02010119903112999904
009399485K 0105200507101052005040000000000
009399485K 0000000003,546U.F.02010119903112999904
0094231523 0105200508801052005040000000000
0094231523 0000000002,690U.F.02010119903112999904
0094231523 0000000000,100U.F.01010119903112999904
009426006K 0105200507101052005040000000000
009426006K 0000000002,414U.F.02010119903112999904
0094296528 0105200508801052005040000000000
0094296528 0000000004,860U.F.02010119903112999904
0094310776 0105200500001052005040000000000
0094355737 0105200500001052005040000000000
0094410150 0105200507401052005040000000000
0094410150 0000000004,460U.F.02010119903112999904
0094429269 0105200507401052005040000000000
0094429269 0000000003,180U.F.02010119903112999904
0094585554 0105200507101052005040000000000
0094585554 0000000003,056U.F.02010119903112999904
0094590809 0105200507401052005040000000000
0094590809 0000000003,710U.F.02010119903112999904
0094645352 0105200500001052005040000000000
0094664489 0105200508001052005040000000000
0094664489 0000000004,090U.F.02010119903112999904
0094664594 0105200509901052005040000000000
0094664594 0000000003,490U.F.02010119903112999904
0094667879 0105200507401052005040000000000
0094667879 0000000004,240U.F.02010119903112999904
0094670101 0105200500001052005040000000000
0095075495 0105200500001052005040000000000
009514800K 0105200508801052005040000000000
009514800K 0000000002,580U.F.02010119903112999904
0095158196 0105200500001052005040000000000
0095259332 0105200507401052005040000000000
0095259332 0000000005,200U.F.02010119903112999904
0095372082 0105200500001052005040000000000
0095400558 0105200500001052005040000000000
0095418465 0105200509901052005040000000000
0095418465 0000000002,370U.F.02010119903112999904
0095615961 0105200500001052005040000000000
0095632661 0105200509901052005040000000000
0095632661 0000058382,000   $02010119903112999904
0095632661 0000000000,180U.F.01010119903112999904
0095647367 0105200507101052005040000000000
0095647367 0000000004,160U.F.02010119903112999904
0095667430 0105200507101052005040000000000
0095667430 0000000004,140U.F.02010119903112999904
0096388594 0105200500001052005040000000000
0096438478 0105200507401052005040000000000
0096438478 0000000003,250U.F.02010119903112999904
0096438478 0000000000,105U.F.01010119903112999904
0096495013 0105200507101052005040000000000
0096495013 0000000003,550U.F.02010119903112999904
0096855737 0105200500001052005040000000000
0096864884 0105200508001052005040000000000
0096864884 0000000003,050U.F.02010119903112999904
0096864884 0000000000,280U.F.01010119903112999904
0097054509 0105200509901052005040000000000
0097054509 0000000002,470U.F.02010119903112999904
0097345627 0105200500001052005040000000000
0097652627 0105200500001052005040000000000
0097746826 0105200508801052005040000000000
0097746826 0000000004,230U.F.02010119903112999904
0097755396 0105200500001052005040000000000
009780592K 0105200507401052005040000000000
009780592K 0000000004,250U.F.02010119903112999904
0097813221 0105200507101052005040000000000
0097813221 0000000003,110U.F.02010119903112999904
009789261K 0105200500001052005040000000000
0097896305 0105200500001052005040000000000
0097925062 0105200509901052005040000000000
0097925062 0000000002,480U.F.02010119903112999904
0097998256 0105200500001052005040000000000
0098001042 0105200506701052005040000000000
0098001042 0000000002,830U.F.02010119903112999904
0098122400 0105200508001052005040000000000
0098122400 0000000004,480U.F.02010119903112999904
0098149740 0105200507101052005040000000000
0098149740 0000000004,504U.F.02010119903112999904
0098194568 0105200507101052005040000000000
0098194568 0000000004,546U.F.02010119903112999904
0098245634 0105200508801052005040000000000
0098245634 0000000004,110U.F.02010119903112999904
0098267395 0105200500001052005040000000000
0098350284 0105200507101052005040000000000
0098350284 0000000003,670U.F.02010119903112999904
0098350373 0105200507101052005040000000000
0098350373 0000000002,344U.F.02010119903112999904
0098363831 0105200508001052005040000000000
0098363831 0000000005,620U.F.02010119903112999904
0098363831 0000000000,210U.F.01010119903112999904
009839124K 0105200500001052005040000000000
0098437339 0105200500001052005040000000000
0098447016 0105200500001052005040000000000
0098469583 0105200500001052005040000000000
0098489746 0105200507401052005040000000000
0098489746 0000000003,475U.F.02010119903112999904
0098600620 0105200507401052005040000000000
0098600620 0000000003,900U.F.02010119903112999904
0098601228 0105200500001052005040000000000
0098640142 0105200500001052005040000000000
009879221K 0105200507101052005040000000000
009879221K 0000000002,786U.F.02010119903112999904
0098854568 0105200507101052005040000000000
0098854568 0000000003,026U.F.02010119903112999904
0098870822 0105200500001052005040000000000
0098885900 0105200507101052005040000000000
0098885900 0000000003,200U.F.02010119903112999904
0099286156 0105200507401052005040000000000
0099286156 0000000003,240U.F.02010119903112999904
009929423K 0105200507101052005040000000000
009929423K 0000000003,310U.F.02010119903112999904
0099312297 0105200500001052005040000000000
0099441399 0105200507101052005040000000000
0099441399 0000000003,202U.F.02010119903112999904
0099513853 0105200507101052005040000000000
0099513853 0000000003,096U.F.02010119903112999904
0099854162 0105200507101052005040000000000
0099854162 0000000003,042U.F.02010119903112999904
0100031035 0105200507101052005040000000000
0100031035 0000000003,302U.F.02010119903112999904
0100072661 0105200508001052005040000000000
0100072661 0000000003,780U.F.02010119903112999904
0100120208 0105200508801052005040000000000
0100120208 0000000004,200U.F.02010119903112999904
0100123452 0105200507101052005040000000000
0100123452 0000000004,132U.F.02010119903112999904
010014669K 0105200507101052005040000000000
010014669K 0000000003,002U.F.02010119903112999904
0100187442 0105200508001052005040000000000
0100187442 0000000002,910U.F.02010119903112999904
0100187442 0000000000,140U.F.01010119903112999904
0100215500 0105200500001052005040000000000
010022562K 0105200507101052005040000000000
010022562K 0000000002,826U.F.02010119903112999904
0100449927 0105200507401052005040000000000
0100449927 0000000005,790U.F.02010119903112999904
010060938K 0105200500001052005040000000000
0100610698 0105200500001052005040000000000
0100629968 0105200507101052005040000000000
0100629968 0000000003,580U.F.02010119903112999904
0100686864 0105200500001052005040000000000
0100754789 0105200508001052005040000000000
0100754789 0000000003,560U.F.02010119903112999904
0100795469 0105200507101052005040000000000
0100795469 0000000002,706U.F.02010119903112999904
0100828359 0105200508001052005040000000000
0100828359 0000000004,570U.F.02010119903112999904
0100828359 0000000000,280U.F.01010119903112999904
0100855933 0105200509901052005040000000000
0100855933 0000000004,540U.F.02010119903112999904
0100857111 0105200507101052005040000000000
0100857111 0000000003,350U.F.02010119903112999904
0101038181 0105200500001052005040000000000
0101038823 0105200508801052005040000000000
0101038823 0000000003,110U.F.02010119903112999904
0101069877 0105200500001052005040000000000
0101377083 0105200507401052005040000000000
0101377083 0000000004,350U.F.02010119903112999904
0101380378 0105200509901052005040000000000
0101380378 0000000003,600U.F.02010119903112999904
0101471284 0105200507401052005040000000000
0101471284 0000000001,590U.F.02010119903112999904
010150431K 0105200508001052005040000000000
010150431K 0000000003,660U.F.02010119903112999904
010150431K 0000000000,280U.F.01010119903112999904
0101511243 0105200508001052005040000000000
0101511243 0000000003,810U.F.02010119903112999904
010153068K 0105200500001052005040000000000
0101607852 0105200507101052005040000000000
0101607852 0000000000,220U.F.01010720013112999904
0101775712 0105200509901052005040000000000
0101775712 0000000002,315U.F.02010119903112999904
0101911829 0105200508001052005040000000000
0101911829 0000000004,950U.F.02010119903112999904
0101972933 0105200508001052005040000000000
0101972933 0000000003,770U.F.02010119903112999904
0102015460 0105200500001052005040000000000
0102047699 0105200509901052005040000000000
0102047699 0000000004,260U.F.02010119903112999904
0102096975 0105200508001052005040000000000
0102096975 0000000004,940U.F.02010119903112999904
0102143507 0105200508001052005040000000000
0102143507 0000000004,460U.F.02010119903112999904
010228626K 0105200507401052005040000000000
010228626K 0000000003,970U.F.02010119903112999904
010228626K 0000000000,175U.F.01010119903112999904
0102286278 0105200507101052005040000000000
0102286278 0000000002,972U.F.02010119903112999904
0102311833 0105200508801052005040000000000
0102311833 0000000003,850U.F.02010119903112999904
0102400674 0105200500001052005040000000000
0102695097 0105200507401052005040000000000
0102695097 0000000003,730U.F.02010119903112999904
0102728491 0105200507401052005040000000000
0102728491 0000000002,050U.F.02010119903112999904
0103157218 0105200508001052005040000000000
0103157218 0000000003,370U.F.02010119903112999904
0103201810 0105200507101052005040000000000
0103201810 0000000003,800U.F.02010119903112999904
0103209099 0105200508801052005040000000000
0103209099 0000000005,790U.F.02010119903112999904
0103293189 0105200507401052005040000000000
0103293189 0000000004,200U.F.02010119903112999904
0103608864 0105200507101052005040000000000
0103608864 0000000004,256U.F.02010119903112999904
0103667178 0105200500001052005040000000000
0103792584 0105200508801052005040000000000
0103792584 0000000001,960U.F.02200420053112999904
0103818710 0105200507101052005040000000000
0103818710 0000000004,156U.F.02010119903112999904
010391972K 0105200507101052005040000000000
010391972K 0000000003,336U.F.02010119903112999904
010395035K 0105200506701052005040000000000
010395035K 0000000004,470U.F.02010920053112999904
0104068863 0105200500001052005040000000000
010415980K 0105200507101052005040000000000
010415980K 0000000003,252U.F.02010119903112999904
0104162150 0105200507101052005040000000000
0104162150 0000000002,772U.F.02010119903112999904
0104164234 0105200506701052005040000000000
0104164234 0000000002,950U.F.02010119903112999904
0104203574 0105200509901052005040000000000
0104203574 0000000003,395U.F.02010119903112999904
0104234623 0105200507101052005040000000000
0104234623 0000000003,670U.F.02010119903112999904
0104556027 0105200500001052005040000000000
0104674372 0105200500001052005040000000000
0104685803 0105200507101052005040000000000
0104685803 0000000003,230U.F.02010119903112999904
0104696759 0105200507101052005040000000000
0104696759 0000000003,700U.F.02010119903112999904
0104935877 0105200507101052005040000000000
0104935877 0000000003,272U.F.02010119903112999904
0104938132 0105200508801052005040000000000
0104938132 0000000003,610U.F.02010119903112999904
0105028628 0105200508801052005040000000000
0105028628 0000000003,650U.F.02010119903112999904
0105059124 0105200507101052005040000000000
0105059124 0000000003,450U.F.02010119903112999904
0105119771 0105200507101052005040000000000
0105119771 0000000003,036U.F.02010119903112999904
0105149077 0105200507101052005040000000000
0105149077 0000000003,476U.F.02010119903112999904
010538937K 0105200507401052005040000000000
010538937K 0000000002,840U.F.02010119903112999904
0105407270 0105200508801052005040000000000
0105407270 0000000003,150U.F.02010119903112999904
0105417276 0105200508001052005040000000000
0105417276 0000000001,740U.F.02010119003112999904
0105506015 0105200507401052005040000000000
0105506015 0000000003,670U.F.02010119903112999904
0105508123 0105200508801052005040000000000
0105508123 0000000003,240U.F.02010119903112999904
0105508735 0105200500001052005040000000000
0105826141 0105200508001052005040000000000
0105826141 0000000004,080U.F.02010119903112999904
0106254060 0105200500001052005040000000000
0106535612 0105200500001052005040000000000
0106834393 0105200507101052005040000000000
0106834393 0000000003,314U.F.02010119903112999904
0106847886 0105200500001052005040000000000
0106851581 0105200507401052005040000000000
0106851581 0000000003,720U.F.02010119903112999904
0106869898 0105200508801052005040000000000
0106869898 0000000003,800U.F.02010119903112999904
0106946981 0105200508001052005040000000000
0106946981 0000000004,130U.F.02010119903112999904
0107097430 0105200508001052005040000000000
0107097430 0000000003,270U.F.02010119903112999904
0107099107 0105200509901052005040000000000
0107099107 0000000003,325U.F.02010119903112999904
0107339116 0105200508801052005040000000000
0107339116 0000000004,690U.F.02010119903112999904
0107344691 0105200507401052005040000000000
0107344691 0000000003,485U.F.02010119903112999904
0107388648 0105200507101052005040000000000
0107388648 0000000003,366U.F.02010119903112999904
0107412468 0105200507101052005040000000000
0107412468 0000000003,196U.F.02010119903112999904
0107452893 0105200500001052005040000000000
010748163K 0105200510401052005040000000000
010748163K 0000031039,000   $02010119903112999904
010748163K 0000000000,260U.F.01010119903112999904
0107560483 0105200500001052005040000000000
0107560548 0105200507401052005040000000000
0107560548 0000000004,960U.F.02010119903112999904
0107577858 0105200509901052005040000000000
0107577858 0000000003,260U.F.02010119903112999904
0107642161 0105200500001052005040000000000
0107703675 0105200507101052005040000000000
0107703675 0000000003,576U.F.02010119903112999904
0107984607 0105200507101052005040000000000
0107984607 0000000003,870U.F.02010119903112999904
0107984852 0105200507101052005040000000000
0107984852 0000000003,366U.F.02010119903112999904
0108167955 0105200507101052005040000000000
0108167955 0000000003,846U.F.02010119903112999904
0108417439 0105200509901052005040000000000
0108417439 0000000003,880U.F.02010119903112999904
0108417439 0000000000,135U.F.01010119903112999904
0108419415 0105200500001052005040000000000
0108434902 0105200500001052005040000000000
0108628367 0105200507101052005040000000000
0108628367 0000000002,272U.F.02010119903112999904
0108815876 0105200507401052005040000000000
0108815876 0000000003,380U.F.02010119903112999904
0108815876 0000000000,105U.F.01010119903112999904
0109147397 0105200500001052005040000000000
0109155497 0105200507401052005040000000000
0109155497 0000000003,720U.F.02010119903112999904
0109597279 0105200500001052005040000000000
0109615765 0105200500001052005040000000000
0109637181 0105200500001052005040000000000
0109683876 0105200507101052005040000000000
0109683876 0000000003,726U.F.02010119903112999904
0109706345 0105200508001052005040000000000
0109706345 0000000004,240U.F.02010119903112999904
0109706345 0000000000,280U.F.01010119903112999904
0109785989 0105200507101052005040000000000
0109785989 0000000003,356U.F.02010119903112999904
0113312416 0105200507101052005040000000000
0113312416 0000000002,274U.F.02020920023112999904
0113312610 0105200507101052005040000000000
0113312610 0000000003,216U.F.02010119903112999904
0113313137 0105200507101052005040000000000
0113313137 0000000004,426U.F.02010119903112999904
0113316071 0105200500001052005040000000000
0113454326 0105200507101052005040000000000
0113454326 0000000002,652U.F.02011220043112999904
0113851961 0105200500001052005040000000000
011386544K 0105200507101052005040000000000
011386544K 0000000004,860U.F.02010119903112999904
0113865482 0105200509901052005040000000000
0113865482 0000000002,160U.F.02020920023112999904
0113866357 0105200507101052005040000000000
0113866357 0000000004,336U.F.02010119903112999904
0113866411 0105200507101052005040000000000
0113866411 0000000002,742U.F.02010119003112999904
0114361887 0105200507401052005040000000000
0114361887 0000000004,000U.F.02010119903112999904
0114695378 0105200500001052005040000000000
0115181556 0105200507101052005040000000000
0115181556 0000000002,214U.F.02010119903112999904
0115183354 0105200500001052005040000000000
0115459171 0105200500001052005040000000000
0115468731 0105200500001052005040000000000
0115478737 0105200509901052005040000000000
0115478737 0000000003,720U.F.02010119903112999904
0115478737 0000000000,180U.F.01010119903112999904
0116205300 0105200500001052005040000000000
0116237067 0105200507101052005040000000000
0116237067 0000000002,896U.F.02020920023112999904
0117313727 0105200500001052005040000000000
0117316130 0105200500001052005040000000000
0117352064 0105200507101052005040000000000
0117352064 0000000003,126U.F.02010119903112999904
0117355039 0105200500001052005040000000000
0117853357 0105200508001052005040000000000
0117853357 0000000002,560U.F.02010119003112999904
0117853357 0000000000,070U.F.01010119003112999904
0118221273 0105200500001052005040000000000
0118243315 0105200508801052005040000000000
0118243315 0000000003,690U.F.02010119903112999904
0118244974 0105200508001052005040000000000
0118244974 0000000004,110U.F.02010119903112999904
0118254015 0105200500001052005040000000000
0118318455 0105200500001052005040000000000
0119054036 0105200500001052005040000000000
0119334209 0105200500001052005040000000000
0119426073 0105200500001052005040000000000
0120049666 0105200507101052005040000000000
0120049666 0000000002,172U.F.02010119903112999904
012012501K 0105200507401052005040000000000
012012501K 0000000001,990U.F.02020920023112999904
0120221604 0105200500001052005040000000000
0120341820 0105200507101052005040000000000
0120341820 0000000004,190U.F.02010119903112999904
0120417819 0105200500001052005040000000000
0120442597 0105200506701052005040000000000
0120442597 0000000002,940U.F.02010119903112999904
0120596977 0105200509901052005040000000000
0120596977 0000000003,360U.F.02010119903112999904
0120596977 0000000000,225U.F.01010119903112999904
0120953923 0105200508001052005040000000000
0120953923 0000000003,480U.F.02010119903112999904
0120982451 0105200507101052005040000000000
0120982451 0000000002,252U.F.02020920023112999904
0121119102 0105200507401052005040000000000
0121119102 0000000003,060U.F.02010119903112999904
012119919K 0105200500001052005040000000000
0121205165 0105200508801052005040000000000
0121205165 0000000003,370U.F.02020920023112999904
0121431459 0105200500001052005040000000000
0121657368 0105200510401052005040000000000
0121657368 0000027252,000   $02010119003112999904
0121657368 0000000000,260U.F.01010119003112999904
0121725924 0105200507101052005040000000000
0121725924 0000000003,552U.F.02010119003112999904
0121727021 0105200500001052005040000000000
0121727072 0105200507101052005040000000000
0121727072 0000000001,974U.F.02020920023112999904
0121728338 0105200500001052005040000000000
0122160696 0105200500001052005040000000000
012218949K 0105200507101052005040000000000
012218949K 0000000002,838U.F.02020920023112999904
0122222640 0105200510401052005040000000000
0122222640 0000026576,000   $02011020013112999904
0122222640 0000000000,052U.F.01011020013112999904
0122272664 0105200510401052005040000000000
0122272664 0000024224,000   $02010119903112999904
0122272664 0000000000,208U.F.01010119903112999904
0123520718 0105200507401052005040000000000
0123520718 0000000002,550U.F.02010119003112999904
0123994248 0105200507101052005040000000000
0123994248 0000000002,954U.F.02010119903112999904
012399454K 0105200507101052005040000000000
012399454K 0000000002,602U.F.02010119003112999904
0124016495 0105200507101052005040000000000
0124016495 0000000002,528U.F.02020920023112999904
0124016894 0105200508801052005040000000000
0124016894 0000000003,770U.F.02020920023112999904
0124017122 0105200500001052005040000000000
0124018994 0105200507401052005040000000000
0124018994 0000000002,640U.F.02010119003112999904
0125783651 0105200500001052005040000000000
0126010443 0105200507401052005040000000000
0126010443 0000000002,180U.F.02020920023112999904
0126026978 0105200507401052005040000000000
0126026978 0000000002,640U.F.02010119003112999904
0126178948 0105200500001052005040000000000
0127197741 0105200500001052005040000000000
0127200017 0105200500001052005040000000000
0128461930 0105200507101052005040000000000
0128461930 0000000002,964U.F.02010119003112999904
0129574232 0105200500001052005040000000000
0131857632 0105200500001052005040000000000
0131931972 0105200500001052005040000000000
0133311831 0105200507101052005040000000000
0133311831 0000000001,724U.F.02011220043112999904
0133648143 0105200500001052005040000000000
013367389K 0105200508001052005040000000000
013367389K 0000000002,820U.F.02050720043112999904
0134260165 0105200500001052005040000000000
0134260785 0105200507101052005040000000000
0134260785 0000000002,288U.F.02020920023112999904
0134311819 0105200507401052005040000000000
0134311819 0000000000,930U.F.02160120043112999904
0135401196 0105200500001052005040000000000
0136531751 0105200507101052005040000000000
0136531751 0000000001,962U.F.02020920023112999904
0137638460 0105200507101052005040000000000
0137638460 0000000001,494U.F.02011020043112999904
013877645K 0105200500001052005040000000000
0139906160 0105200507101052005040000000000
0139906160 0000000002,422U.F.02011220043112999904
0139912071 0105200500001052005040000000000
0139979109 0105200500001052005040000000000
0142476576 0105200507101052005040000000000
0142476576 0000000001,470U.F.02010119003112999904
0142497999 0105200509901052005040000000000
0142497999 0000000001,661U.F.02020920023112999904
014253200K 0105200507101052005040000000000
014253200K 0000000002,638U.F.02010920023112999904
0142827077 0105200507401052005040000000000
0142827077 0000000003,835U.F.02010119003112999904
0143368661 0105200507101052005040000000000
0143368661 0000000001,764U.F.02010119003112999904
0144477774 0105200509901052005040000000000
0144477774 0000000002,470U.F.02200420053112999904
0144477774 0000000000,090U.F.01200420053112999904
0144527194 0105200500001052005040000000000
0144644123 0105200500001052005040000000000
0144771516 0105200500001052005040000000000
0144817230 0105200500001052005040000000000
0145679699 0105200507101052005040000000000
0145679699 0000000001,284U.F.02171220043112999904
0157169785 0105200500001052005040000000000
0157519956 0105200507401052005040000000000
0157519956 0000000001,690U.F.02011220043112999904
0157525735 0105200500001052005040000000000
0162313754 0105200500001052005040000000000
