0100031035 01052005003      10003103501052005906   01052005            
0100031035 04     40000,000$   010105200531129999
0100072661 01052005031      10007266101052005906   01052005            
0100120208 01052005008      10012020801052005906   01052005            
0100123452 01052005010      10012345201052005906   01052005            
0100123452 04     20000,000$   010105200531129999
010014669K 01052005008      10014669K01052005906   01052005            
0100187442 01052005010      10018744201052005906   01052005            
0100187442 04      2000,000$   010105200531129999
0100215500 01052005010      10021550001052005906   01052005            
010022562K 01052005005      10022562K01052005906   01052005            
010022562K 04         2,000U.F.010105200531129999
0100449927 01052005003      10044992701052005906   01052005            
0100449927 04     10000,000$   010105200531129999
010060938K 01052005031      10060938K01052005906   01052005            
0100610698 01052005010      10061069801052005906   01052005            
0100610698 04     20000,000$   010105200531129999
0100629968 01052005005      10062996801052005906   01052005            
0100686864 01052005010      10068686401052005906   01052005            
0100686864 04     10000,000$   010105200531129999
0100754789 01052005008      10075478901052005906   01052005            
0100754789 04     10000,000$   010105200531129999
0100795469 01052005010      10079546901052005906   01052005            
0100828359 01052005012      10082835901052005906   01052005            
0100855933 01052005003      10085593301052005906   01052005            
0100857111 01052005031      10085711101052005906   01052005            
0101038181 01052005008      10103818101052005906   01052005            
0101038823 01052005008      10103882301052005906   01052005            
0101038823 04      1500,000$   010105200531129999
0101069877 01052005003      10106987701052005906   01052005            
0101069877 04     50000,000$   010105200531129999
0101377083 01052005010      10137708301052005906   01052005            
0101380378 01052005010      10138037801052005906   01052005            
0101380378 04     25000,000$   010105200531129999
0101471284 01052005012      10147128401052005906   01052005            
010150431K 01052005003      10150431K01052005906   01052005            
010150431K 04     50000,000$   010105200531129999
0101511243 01052005010      10151124301052005906   01052005            
0101511243 04     10000,000$   010105200531129999
010153068K 01052005010      10153068K01052005906   01052005            
0101607852 01052005031      10160785201052005906   01052005            
0101775712 01052005031      10177571201052005906   01052005            
0101911829 01052005003      10191182901052005906   01052005            
0101911829 04     25000,000$   010105200531129999
0101972933 01052005003      10197293301052005906   01052005            
0102015460 01052005008      10201546001052005906   01052005            
0102015460 04     15000,000$   010105200531129999
0102047699 01052005003      10204769901052005906   01052005            
0102096975 01052005031      10209697501052005906   01052005            
0102143507 01052005008      10214350701052005906   01052005            
0102143507 04     10000,000$   010105200531129999
010228626K 01052005010      10228626K01052005906   01052005            
0102286278 01052005010      10228627801052005906   01052005            
0102311833 01052005010      10231183301052005906   01052005            
0102400674 01052005003      10240067401052005906   01052005            
0102695097 01052005008      10269509701052005906   01052005            
0102695097 04     12000,000$   010105200531129999
0102728491 01052005031      10272849101052005906   01052005            
0103157218 01052005003      10315721801052005906   01052005            
0103201810 01052005005      10320181001052005906   01052005            
0103201810 04         2,000U.F.010105200531129999
0103209099 01052005008      10320909901052005906   01052005            
0103209099 04       500,000$   010105200531129999
0103293189 01052005031      10329318901052005906   01052005            
0103608864 01052005003      10360886401052005906   01052005            
0103667178 01052005010      10366717801052005906   01052005            
0103792584 01052005003      10379258401052005906   01052005            
0103818710 01052005010      10381871001052005906   01052005            
0103818710 04       900,000$   010105200531129999
010391972K 01052005031      10391972K01052005906   01052005            
010391972K 04     25000,000$   010105200531129999
010395035K 01052005003      10395035K01052005906   01052005            
0104068863 01052005008      10406886301052005906   01052005            
0104068863 04     45000,000$   010105200531129999
010415980K 01052005031      10415980K01052005906   01052005            
0104162150 01052005008      10416215001052005906   01052005            
0104162150 04     35000,000$   010105200531129999
0104164234 01052005005      10416423401052005906   01052005            
0104203574 01052005031      10420357401052005906   01052005            
0104234623 01052005003      10423462301052005906   01052005            
0104234623 04     10000,000$   010105200531129999
0104556027 01052005003      10455602701052005906   01052005            
0104556027 04      4000,000$   010105200531129999
0104674372 01052005012      10467437201052005906   01052005            
0104685803 01052005010      10468580301052005906   01052005            
0104685803 04      5000,000$   010105200531129999
0104696759 01052005010      10469675901052005906   01052005            
0104696759 04     20000,000$   010105200531129999
0104935877 01052005031      10493587701052005906   01052005            
0104935877 04     20000,000$   010105200531129999
0104938132 01052005003      10493813201052005906   01052005            
0104938132 04     40000,000$   010105200531129999
0105028628 01052005008      10502862801052005906   01052005            
0105059124 01052005031      10505912401052005906   01052005            
0105119771 01052005008      10511977101052005906   01052005            
0105149077 01052005003      10514907701052005906   01052005            
010538937K 01052005008      10538937K01052005906   01052005            
010538937K 04     20000,000$   010105200531129999
0105407270 01052005008      10540727001052005906   01052005            
0105417276 01052005005      10541727601052005906   01052005            
0105506015 01052005003      10550601501052005906   01052005            
0105506015 04     10000,000$   010105200531129999
0105508123 01052005008      10550812301052005906   01052005            
0105508735 01052005005      10550873501052005906   01052005            
0105826141 01052005003      10582614101052005906   01052005            
0106254060 01052005008      10625406001052005906   01052005            
0106535612 01052005008      10653561201052005906   01052005            
0106834393 01052005031      10683439301052005906   01052005            
0106847886 01052005003      10684788601052005906   01052005            
0106851581 01052005008      10685158101052005906   01052005            
0106851581 04     25000,000$   010105200531129999
0106869898 01052005003      10686989801052005906   01052005            
0106869898 04     20000,000$   010105200531129999
0106946981 01052005010      10694698101052005906   01052005            
0106946981 04     30000,000$   010105200531129999
0107097430 01052005003      10709743001052005906   01052005            
0107097430 04     10000,000$   010105200531129999
0107099107 01052005003      10709910701052005906   01052005            
0107099107 04     20000,000$   010105200531129999
0107339116 01052005003      10733911601052005906   01052005            
0107339116 04     10000,000$   010105200531129999
0107344691 01052005010      10734469101052005906   01052005            
0107344691 04     10000,000$   010105200531129999
0107388648 01052005031      10738864801052005906   01052005            
0107412468 01052005010      10741246801052005906   01052005            
0107412468 04     20000,000$   010105200531129999
0107452893 01052005003      10745289301052005906   01052005            
010748163K 01052005008      10748163K01052005906   01052005            
0107560483 01052005008      10756048301052005906   01052005            
0107560548 01052005031      10756054801052005906   01052005            
0107560548 04      5000,000$   010105200531129999
0107577858 01052005031      10757785801052005906   01052005            
0107577858 04      3000,000$   010105200531129999
0107642161 01052005031      10764216101052005906   01052005            
0107642161 04     10000,000$   010105200531129999
0107703675 01052005010      10770367501052005906   01052005            
0107984607 01052005003      10798460701052005906   01052005            
0107984852 01052005008      10798485201052005906   01052005            
0108167955 01052005010      10816795501052005906   01052005            
0108167955 04     30000,000$   010105200531129999
0108417439 01052005031      10841743901052005906   01052005            
0108419415 01052005008      10841941501052005906   01052005            
0108434902 01052005008      10843490201052005906   01052005            
0108628367 01052005010      10862836701052005906   01052005            
0108815876 01052005003      10881587601052005906   01052005            
0108815876 04     50000,000$   010105200531129999
0109147397 01052005003      10914739701052005906   01052005            
0109155497 01052005012      10915549701052005906   01052005            
0109155497 04     15000,000$   010105200531129999
0109597279 01052005003      10959727901052005906   01052005            
0109615765 01052005005      10961576501052005906   01052005            
0109637181 01052005012      10963718101052005906   01052005            
0109683876 01052005003      10968387601052005906   01052005            
0109683876 04     25000,000$   010105200531129999
0109706345 01052005003      10970634501052005906   01052005            
0109785989 01052005031      10978598901052005906   01052005            
0109785989 04     20000,000$   010105200531129999
0113312416 01052005008      11331241601052005906   01052005            
0113312610 01052005008      11331261001052005906   01052005            
0113313137 01052005008      11331313701052005906   01052005            
0113316071 01052005008      11331607101052005906   01052005            
0113454326 01052005010      11345432601052005906   01052005            
0113851961 01052005010      11385196101052005906   01052005            
0113851961 04      5000,000$   010105200531129999
011386544K 01052005008      11386544K01052005906   01052005            
011386544K 04     20000,000$   010105200531129999
0113865482 01052005005      11386548201052005906   01052005            
0113866357 01052005003      11386635701052005906   01052005            
0113866357 04     20000,000$   010105200531129999
0113866411 01052005008      11386641101052005906   01052005            
0114361887 01052005003      11436188701052005906   01052005            
0114695378 01052005008      11469537801052005906   01052005            
0115181556 01052005031      11518155601052005906   01052005            
0115183354 01052005005      11518335401052005906   01052005            
0115459171 01052005031      11545917101052005906   01052005            
0115468731 01052005005      11546873101052005906   01052005            
0115468731 04         2,000U.F.010105200531129999
0115478737 01052005008      11547873701052005906   01052005            
0116205300 01052005005      11620530001052005906   01052005            
0116205300 04     10000,000$   010105200531129999
0116237067 01052005008      11623706701052005906   01052005            
0117313727 01052005003      11731372701052005906   01052005            
0117313727 04     15000,000$   010105200531129999
0117316130 01052005003      11731613001052005906   01052005            
0117352064 01052005005      11735206401052005906   01052005            
0117352064 04      7000,000$   010105200531129999
0117355039 01052005010      11735503901052005906   01052005            
0117853357 01052005005      11785335701052005906   01052005            
0118221273 01052005005      11822127301052005906   01052005            
0118243315 01052005010      11824331501052005906   01052005            
0118244974 01052005010      11824497401052005906   01052005            
0118244974 04      7000,000$   010105200531129999
0118254015 01052005008      11825401501052005906   01052005            
0118254015 04      5000,000$   010105200531129999
0118318455 01052005031      11831845501052005906   01052005            
0118318455 04      5000,000$   010105200531129999
0119054036 01052005005      11905403601052005906   01052005            
0119334209 01052005008      11933420901052005906   01052005            
0119426073 01052005003      11942607301052005906   01052005            
0119426073 04     10000,000$   010105200531129999
0120049666 01052005031      12004966601052005906   01052005            
0120049666 04     10000,000$   010105200531129999
012012501K 01052005008      12012501K01052005906   01052005            
012012501K 04      2000,000$   010105200531129999
0120221604 01052005031      12022160401052005906   01052005            
0120341820 01052005010      12034182001052005906   01052005            
0120417819 01052005010      12041781901052005906   01052005            
0120442597 01052005003      12044259701052005906   01052005            
0120442597 04     40000,000$   010105200531129999
0120596977 01052005008      12059697701052005906   01052005            
0120953923 01052005008      12095392301052005906   01052005            
0120982451 01052005008      12098245101052005906   01052005            
0121119102 01052005008      12111910201052005906   01052005            
012119919K 01052005008      12119919K01052005906   01052005            
012119919K 04         3,000U.F.010105200531129999
0121205165 01052005010      12120516501052005906   01052005            
0121431459 01052005010      12143145901052005906   01052005            
0121657368 01052005008      12165736801052005906   01052005            
0121657368 04      5000,000$   010105200531129999
0121725924 01052005008      12172592401052005906   01052005            
0121727021 01052005010      12172702101052005906   01052005            
0121727072 01052005003      12172707201052005906   01052005            
0121728338 01052005008      12172833801052005906   01052005            
0121728338 04     20000,000$   010105200531129999
0122160696 01052005008      12216069601052005906   01052005            
012218949K 01052005010      12218949K01052005906   01052005            
0122222640 01052005003      12222264001052005906   01052005            
0122222640 04     10000,000$   010105200531129999
0122272664 01052005008      12227266401052005906   01052005            
0123520718 01052005010      12352071801052005906   01052005            
0123994248 01052005008      12399424801052005906   01052005            
012399454K 01052005003      12399454K01052005906   01052005            
012399454K 04     15000,000$   010105200531129999
0124016495 01052005003      12401649501052005906   01052005            
0124016495 04      5000,000$   010105200531129999
0124016894 01052005005      12401689401052005906   01052005            
0124017122 01052005005      12401712201052005906   01052005            
0124018994 01052005008      12401899401052005906   01052005            
0125783651 01052005003      12578365101052005906   01052005            
0126010443 01052005003      12601044301052005906   01052005            
0126026978 01052005010      12602697801052005906   01052005            
0126178948 01052005008      12617894801052005906   01052005            
0127197741 01052005010      12719774101052005906   01052005            
0127200017 01052005008      12720001701052005906   01052005            
0128461930 01052005008      12846193001052005906   01052005            
0129574232 01052005003      12957423201052005906   01052005            
0131857632 01052005008      13185763201052005906   01052005            
0131931972 01052005010      13193197201052005906   01052005            
0133311831 01052005008      13331183101052005906   01052005            
0133648143 01052005008      13364814301052005906   01052005            
013367389K 01052005003      13367389K01052005906   01052005            
0134260165 01052005031      13426016501052005906   01052005            
0134260165 04     10000,000$   010105200531129999
0134260785 01052005010      13426078501052005906   01052005            
0134311819 01052005031      13431181901052005906   01052005            
0134311819 04     57000,000$   010105200531129999
0135401196 01052005008      13540119601052005906   01052005            
0136531751 01052005012      13653175101052005906   01052005            
0137638460 01052005008      13763846001052005906   01052005            
013877645K 01052005003      13877645K01052005906   01052005            
0139906160 01052005008      13990616001052005906   01052005            
0139912071 01052005003      13991207101052005906   01052005            
0139979109 01052005008      13997910901052005906   01052005            
0142476576 01052005008      14247657601052005906   01052005            
0142476576 04         5,000U.F.010105200531129999
0142497999 01052005031      14249799901052005906   01052005            
014253200K 01052005003      14253200K01052005906   01052005            
0142827077 01052005003      14282707701052005906   01052005            
0143368661 01052005003      14336866101052005906   01052005            
0144477774 01052005010      14447777401052005906   01052005            
0144527194 01052005003      14452719401052005906   01052005            
0144644123 01052005003      14464412301052005906   01052005            
0144644123 04     15000,000$   010105200531129999
0144771516 01052005008      14477151601052005906   01052005            
0144817230 01052005005      14481723001052005906   01052005            
0145679699 01052005008      14567969901052005906   01052005            
0157169785 01052005008      15716978501052005906   01052005            
0157519956 01052005008      15751995601052005906   01052005            
0157525735 01052005003      15752573501052005906   01052005            
0157525735 04     30000,000$   010105200531129999
0162313754 01052005003      16231375401052005906   01052005            
0033769857 01052005003       3376985701052005906   01052005            
0035804692 01052005031       3580469201052005906   01052005            
0039358611 01052005010       3935861101052005906   01052005            
0039822776 01052005003       3982277601052005906   01052005            
0039822776 04     15000,000$   010105200531129999
0040029737 01052005031       4002973701052005906   01052005            
0040258582 01052005999       4025858201052005906   01052005            
0040388087 01052005999       4038808701052005906   01052005            
0040464379 01052005010       4046437901052005906   01052005            
0040718931 01052005003       4071893101052005906   01052005            
0041550732 01052005031       4155073201052005906   01052005            
0042059056 01052005008       4205905601052005906   01052005            
0042184314 01052005031       4218431401052005906   01052005            
0042184314 04     15000,000$   010105200531129999
0042500194 01052005005       4250019401052005906   01052005            
0042500194 04    100000,000$   010105200531129999
0042699985 01052005003       4269998501052005906   01052005            
0043198610 01052005999       4319861001052005906   01052005            
0043585916 01052005008       4358591601052005906   01052005            
0043594613 01052005003       4359461301052005906   01052005            
004368471K 01052005031       4368471K01052005906   01052005            
0043749439 01052005999       4374943901052005906   01052005            
0044112604 01052005031       4411260401052005906   01052005            
0044112604 04     20000,000$   010105200531129999
0044207451 01052005003       4420745101052005906   01052005            
0044298880 01052005003       4429888001052005906   01052005            
0044298880 04     20000,000$   010105200531129999
0044509199 01052005003       4450919901052005906   01052005            
0044717875 01052005003       4471787501052005906   01052005            
0044902931 01052005003       4490293101052005906   01052005            
0044946505 01052005003       4494650501052005906   01052005            
0045077039 01052005999       4507703901052005906   01052005            
0045139166 01052005031       4513916601052005906   01052005            
0045251241 01052005003       4525124101052005906   01052005            
004527859K 01052005          4527859K01052005906   01052005            
0045450821 01052005010       4545082101052005906   01052005            
0045619869 01052005005       4561986901052005906   01052005            
0045619869 04     25000,000$   010105200531129999
004572851K 01052005999       4572851K01052005906   01052005            
0045833720 01052005031       4583372001052005906   01052005            
0045833720 04     10000,000$   010105200531129999
004587771K 01052005003       4587771K01052005906   01052005            
0045909174 01052005999       4590917401052005906   01052005            
0045980081 01052005003       4598008101052005906   01052005            
0046151550 01052005003       4615155001052005906   01052005            
0046151550 04      5000,000$   010105200531129999
0046178017 01052005010       4617801701052005906   01052005            
0046178017 04      5000,000$   010105200531129999
0046394925 01052005999       4639492501052005906   01052005            
0046449509 01052005999       4644950901052005906   01052005            
0046451430 01052005008       4645143001052005906   01052005            
0046475666 01052005003       4647566601052005906   01052005            
004649377K 01052005003       4649377K01052005906   01052005            
0046675169 01052005008       4667516901052005906   01052005            
0046764501 01052005005       4676450101052005906   01052005            
0046799291 01052005003       4679929101052005906   01052005            
0046897129 01052005031       4689712901052005906   01052005            
0046909054 01052005003       4690905401052005906   01052005            
0047295378 01052005003       4729537801052005906   01052005            
0047374383 01052005003       4737438301052005906   01052005            
0047807638 01052005003       4780763801052005906   01052005            
0047858011 01052005003       4785801101052005906   01052005            
004797349K 01052005008       4797349K01052005906   01052005            
0047989957 01052005031       4798995701052005906   01052005            
0047992796 01052005031       4799279601052005906   01052005            
0047992796 04     20000,000$   010105200531129999
0048072933 01052005999       4807293301052005906   01052005            
0048209653 01052005031       4820965301052005906   01052005            
004821505K 01052005010       4821505K01052005906   01052005            
0048220452 01052005010       4822045201052005906   01052005            
0048220452 04     10000,000$   010105200531129999
0048224431 01052005003       4822443101052005906   01052005            
0048224431 04     10000,000$   010105200531129999
0048301835 01052005031       4830183501052005906   01052005            
0048316115 01052005003       4831611501052005906   01052005            
0048316115 04      3000,000$   010105200531129999
0048351239 01052005003       4835123901052005906   01052005            
004836070K 01052005003       4836070K01052005906   01052005            
0048432646 01052005003       4843264601052005906   01052005            
0048450482 01052005031       4845048201052005906   01052005            
0048615783 01052005031       4861578301052005906   01052005            
0048615783 04     25000,000$   010105200531129999
0048794734 01052005003       4879473401052005906   01052005            
0048915191 01052005008       4891519101052005906   01052005            
0048943551 01052005999       4894355101052005906   01052005            
0049046634 01052005003       4904663401052005906   01052005            
0049046634 04     25000,000$   010105200531129999
0049047096 01052005005       4904709601052005906   01052005            
0049121466 01052005008       4912146601052005906   01052005            
0049121466 04     10000,000$   010105200531129999
0049351429 01052005010       4935142901052005906   01052005            
0049356528 01052005003       4935652801052005906   01052005            
0049363532 01052005008       4936353201052005906   01052005            
0049507550 01052005008       4950755001052005906   01052005            
0049694725 01052005003       4969472501052005906   01052005            
0049764030 01052005031       4976403001052005906   01052005            
0049764030 04     10000,000$   010105200531129999
0049942486 01052005031       4994248601052005906   01052005            
0049975481 01052005003       4997548101052005906   01052005            
0049986017 01052005999       4998601701052005906   01052005            
0050025233 01052005005       5002523301052005906   01052005            
0050029700 01052005999       5002970001052005906   01052005            
005006400K 01052005010       5006400K01052005906   01052005            
005006400K 04     15000,000$   010105200531129999
0050072029 01052005003       5007202901052005906   01052005            
0050131416 01052005031       5013141601052005906   01052005            
0050154602 01052005031       5015460201052005906   01052005            
0050157679 01052005031       5015767901052005906   01052005            
0050222128 01052005008       5022212801052005906   01052005            
0050262200 01052005          5026220001052005906   01052005            
0050298256 01052005031       5029825601052005906   01052005            
0050298256 04      5000,000$   010105200531129999
0050320022 01052005003       5032002201052005906   01052005            
0050329852 01052005003       5032985201052005906   01052005            
0050389685 01052005003       5038968501052005906   01052005            
0050410579 01052005999       5041057901052005906   01052005            
0050417859 01052005999       5041785901052005906   01052005            
0050445658 01052005031       5044565801052005906   01052005            
0050458741 01052005010       5045874101052005906   01052005            
005052552K 01052005003       5052552K01052005906   01052005            
005052552K 04      5000,000$   010105200531129999
0050634353 01052005003       5063435301052005906   01052005            
0050658392 01052005010       5065839201052005906   01052005            
0050660826 01052005003       5066082601052005906   01052005            
0050660826 04       500,000$   010105200531129999
0050839214 01052005005       5083921401052005906   01052005            
0050917061 01052005003       5091706101052005906   01052005            
0050917061 04     20000,000$   010105200531129999
0050956504 01052005003       5095650401052005906   01052005            
005102110K 01052005003       5102110K01052005906   01052005            
005109705K 01052005010       5109705K01052005906   01052005            
005117254K 01052005003       5117254K01052005906   01052005            
0051186982 01052005003       5118698201052005906   01052005            
0051186982 04     20000,000$   010105200531129999
0051226755 01052005003       5122675501052005906   01052005            
0051412176 01052005999       5141217601052005906   01052005            
005151792K 01052005031       5151792K01052005906   01052005            
0051547438 01052005031       5154743801052005906   01052005            
0051558286 01052005003       5155828601052005906   01052005            
0051558286 04     10000,000$   010105200531129999
0051571401 01052005          5157140101052005906   01052005            
0051598768 01052005003       5159876801052005906   01052005            
0051697561 01052005003       5169756101052005906   01052005            
0051764919 01052005003       5176491901052005906   01052005            
0051764919 04      2500,000$   010105200531129999
0051832590 01052005008       5183259001052005906   01052005            
0051884809 01052005003       5188480901052005906   01052005            
0052145996 01052005003       5214599601052005906   01052005            
0052173949 01052005010       5217394901052005906   01052005            
0052407397 01052005008       5240739701052005906   01052005            
005260673K 01052005003       5260673K01052005906   01052005            
0052616875 01052005003       5261687501052005906   01052005            
0052625599 01052005003       5262559901052005906   01052005            
0052625599 04     10000,000$   010105200531129999
0052632080 01052005031       5263208001052005906   01052005            
0052632080 04      3000,000$   010105200531129999
0052687411 01052005003       5268741101052005906   01052005            
0052751314 01052005031       5275131401052005906   01052005            
0052779693 01052005003       5277969301052005906   01052005            
0052813662 01052005031       5281366201052005906   01052005            
0052813662 04     20000,000$   010105200531129999
0052900158 01052005005       5290015801052005906   01052005            
005293219K 01052005031       5293219K01052005906   01052005            
0052940486 01052005008       5294048601052005906   01052005            
0053004636 01052005003       5300463601052005906   01052005            
0053022715 01052005031       5302271501052005906   01052005            
0053071325 01052005012       5307132501052005906   01052005            
0053085997 01052005003       5308599701052005906   01052005            
0053085997 04     10000,000$   010105200531129999
0053090427 01052005031       5309042701052005906   01052005            
0053291821 01052005031       5329182101052005906   01052005            
0053347231 01052005031       5334723101052005906   01052005            
0053379559 01052005999       5337955901052005906   01052005            
0053379575 01052005031       5337957501052005906   01052005            
0053379575 04     20000,000$   010105200531129999
005347683K 01052005          5347683K01052005906   01052005            
0053509290 01052005031       5350929001052005906   01052005            
0053533892 01052005999       5353389201052005906   01052005            
0053540643 01052005999       5354064301052005906   01052005            
0053546498 01052005005       5354649801052005906   01052005            
005354651K 01052005999       5354651K01052005906   01052005            
0053575277 01052005999       5357527701052005906   01052005            
005361230K 01052005008       5361230K01052005906   01052005            
0053657249 01052005031       5365724901052005906   01052005            
0053661009 01052005031       5366100901052005906   01052005            
0053695108 01052005003       5369510801052005906   01052005            
0053766595 01052005008       5376659501052005906   01052005            
0053770762 01052005003       5377076201052005906   01052005            
0053802125 01052005008       5380212501052005906   01052005            
0053856063 01052005003       5385606301052005906   01052005            
0053866654 01052005003       5386665401052005906   01052005            
0053866654 04     15000,000$   010105200531129999
0053907733 01052005031       5390773301052005906   01052005            
0053920306 01052005031       5392030601052005906   01052005            
005394731K 01052005005       5394731K01052005906   01052005            
0053958540 01052005012       5395854001052005906   01052005            
0053958540 04         2,000U.F.010105200531129999
0053986463 01052005003       5398646301052005906   01052005            
0054048408 01052005999       5404840801052005906   01052005            
0054064470 01052005999       5406447001052005906   01052005            
0054099428 01052005003       5409942801052005906   01052005            
0054178247 01052005031       5417824701052005906   01052005            
0054271697 01052005008       5427169701052005906   01052005            
0054279698 01052005005       5427969801052005906   01052005            
0054279698 04     20000,000$   010105200531129999
0054349904 01052005003       5434990401052005906   01052005            
0054349904 04     90000,000$   010105200531129999
0054393164 01052005003       5439316401052005906   01052005            
0054422083 01052005008       5442208301052005906   01052005            
0054422083 04    200000,000$   010105200531129999
0054424388 01052005031       5442438801052005906   01052005            
0054438338 01052005999       5443833801052005906   01052005            
0054459769 01052005003       5445976901052005906   01052005            
0054537441 01052005003       5453744101052005906   01052005            
0054561504 01052005003       5456150401052005906   01052005            
005458704K 01052005008       5458704K01052005906   01052005            
0054596960 01052005010       5459696001052005906   01052005            
0054610947 01052005008       5461094701052005906   01052005            
0054610947 04     30000,000$   010105200531129999
0054637845 01052005031       5463784501052005906   01052005            
0054862660 01052005008       5486266001052005906   01052005            
0054862660 04     12000,000$   010105200531129999
0054870256 01052005003       5487025601052005906   01052005            
005490407K 01052005031       5490407K01052005906   01052005            
005490407K 04     25000,000$   010105200531129999
0054948034 01052005031       5494803401052005906   01052005            
0055020787 01052005003       5502078701052005906   01052005            
0055155690 01052005003       5515569001052005906   01052005            
0055188459 01052005003       5518845901052005906   01052005            
0055195757 01052005003       5519575701052005906   01052005            
0055367302 01052005003       5536730201052005906   01052005            
0055367302 04         7,000U.F.010105200531129999
0055391793 01052005999       5539179301052005906   01052005            
0055406480 01052005003       5540648001052005906   01052005            
0055406480 04        14,660U.F.010105200531129999
0055816913 01052005031       5581691301052005906   01052005            
0055816913 04      5000,000$   010105200531129999
0055850658 01052005003       5585065801052005906   01052005            
0055850658 04     10000,000$   010105200531129999
0055886695 01052005003       5588669501052005906   01052005            
0055948704 01052005010       5594870401052005906   01052005            
0055964998 01052005003       5596499801052005906   01052005            
0056001972 01052005003       5600197201052005906   01052005            
0056022643 01052005031       5602264301052005906   01052005            
0056079262 01052005003       5607926201052005906   01052005            
0056110046 01052005031       5611004601052005906   01052005            
0056110046 04     10000,000$   010105200531129999
0056116974 01052005999       5611697401052005906   01052005            
0056172874 01052005003       5617287401052005906   01052005            
0056307583 01052005003       5630758301052005906   01052005            
0056438130 01052005031       5643813001052005906   01052005            
0056440518 01052005003       5644051801052005906   01052005            
0056440518 04    100000,000$   010105200531129999
0056440674 01052005999       5644067401052005906   01052005            
0056512675 01052005003       5651267501052005906   01052005            
0056512675 04      5000,000$   010105200531129999
0056527206 01052005003       5652720601052005906   01052005            
0056612017 01052005031       5661201701052005906   01052005            
005668722K 01052005003       5668722K01052005906   01052005            
005668722K 04     50000,000$   010105200531129999
0056803823 01052005003       5680382301052005906   01052005            
0056884106 01052005008       5688410601052005906   01052005            
0056889140 01052005008       5688914001052005906   01052005            
0056889140 04      1000,000$   010105200531129999
0056975160 01052005003       5697516001052005906   01052005            
005711522K 01052005003       5711522K01052005906   01052005            
0057135468 01052005031       5713546801052005906   01052005            
0057200073 01052005003       5720007301052005906   01052005            
0057219408 01052005031       5721940801052005906   01052005            
005722388K 01052005031       5722388K01052005906   01052005            
0057272929 01052005003       5727292901052005906   01052005            
0057332883 01052005031       5733288301052005906   01052005            
0057351667 01052005003       5735166701052005906   01052005            
0057589191 01052005003       5758919101052005906   01052005            
0057598395 01052005005       5759839501052005906   01052005            
0057731486 01052005031       5773148601052005906   01052005            
0057785896 01052005010       5778589601052005906   01052005            
0057785896 04      5000,000$   010105200531129999
0058016276 01052005008       5801627601052005906   01052005            
0058076058 01052005003       5807605801052005906   01052005            
0058138665 01052005031       5813866501052005906   01052005            
005828372K 01052005003       5828372K01052005906   01052005            
0058284912 01052005031       5828491201052005906   01052005            
0058425478 01052005005       5842547801052005906   01052005            
0058425478 04     20000,000$   010105200531129999
0058463248 01052005031       5846324801052005906   01052005            
0058525537 01052005003       5852553701052005906   01052005            
0058531332 01052005005       5853133201052005906   01052005            
0058535907 01052005008       5853590701052005906   01052005            
0058635960 01052005003       5863596001052005906   01052005            
0058635960 04    100000,000$   010105200531129999
0058637300 01052005003       5863730001052005906   01052005            
0058689424 01052005003       5868942401052005906   01052005            
0058689424 04     30000,000$   010105200531129999
0058800597 01052005031       5880059701052005906   01052005            
005881959K 01052005031       5881959K01052005906   01052005            
0058841404 01052005003       5884140401052005906   01052005            
0058873675 01052005003       5887367501052005906   01052005            
0058900400 01052005003       5890040001052005906   01052005            
0058942162 01052005005       5894216201052005906   01052005            
0058995940 01052005031       5899594001052005906   01052005            
0058995940 04         1,000U.F.010105200531129999
0059013173 01052005010       5901317301052005906   01052005            
0059121472 01052005031       5912147201052005906   01052005            
0059124838 01052005008       5912483801052005906   01052005            
0059277162 01052005003       5927716201052005906   01052005            
0059321765 01052005031       5932176501052005906   01052005            
0059435159 01052005008       5943515901052005906   01052005            
0059438107 01052005999       5943810701052005906   01052005            
0059439626 01052005008       5943962601052005906   01052005            
0059439626 04     20000,000$   010105200531129999
0059451499 01052005003       5945149901052005906   01052005            
0059555197 01052005003       5955519701052005906   01052005            
0059564803 01052005003       5956480301052005906   01052005            
0059566636 01052005008       5956663601052005906   01052005            
0059610554 01052005010       5961055401052005906   01052005            
0059687484 01052005          5968748401052005906   01052005            
0059752340 01052005010       5975234001052005906   01052005            
0059846914 01052005008       5984691401052005906   01052005            
0059846914 04     30000,000$   010105200531129999
0059888099 01052005003       5988809901052005906   01052005            
0059888099 04     30000,000$   010105200531129999
0059906925 01052005031       5990692501052005906   01052005            
0059988816 01052005003       5998881601052005906   01052005            
0059988816 04     50000,000$   010105200531129999
0060027625 01052005031       6002762501052005906   01052005            
0060158827 01052005003       6015882701052005906   01052005            
0060192391 01052005008       6019239101052005906   01052005            
0060437653 01052005003       6043765301052005906   01052005            
006058401K 01052005008       6058401K01052005906   01052005            
0060759928 01052005031       6075992801052005906   01052005            
0060759928 04    150000,000$   010105200531129999
0060885206 01052005008       6088520601052005906   01052005            
0060980020 01052005031       6098002001052005906   01052005            
0061012567 01052005010       6101256701052005906   01052005            
0061012567 04      5000,000$   010105200531129999
0061141448 01052005003       6114144801052005906   01052005            
0061141448 04     10000,000$   010105200531129999
0061175113 01052005031       6117511301052005906   01052005            
0061316426 01052005003       6131642601052005906   01052005            
0061382666 01052005003       6138266601052005906   01052005            
0061470646 01052005003       6147064601052005906   01052005            
0061470646 04     20000,000$   010105200531129999
0061484191 01052005003       6148419101052005906   01052005            
0061484191 04    100000,000$   010105200531129999
0061484744 01052005003       6148474401052005906   01052005            
0061487603 01052005031       6148760301052005906   01052005            
0061487603 04         1,500U.F.010105200531129999
0061503838 01052005031       6150383801052005906   01052005            
0061523499 01052005003       6152349901052005906   01052005            
0061572961 01052005003       6157296101052005906   01052005            
0061572961 04      5000,000$   010105200531129999
0061583009 01052005010       6158300901052005906   01052005            
0061622063 01052005031       6162206301052005906   01052005            
0061622063 04     12000,000$   010105200531129999
0061640061 01052005003       6164006101052005906   01052005            
0061640061 04     20000,000$   010105200531129999
0061705090 01052005031       6170509001052005906   01052005            
0061741275 01052005003       6174127501052005906   01052005            
0061741275 04     20000,000$   010105200531129999
0061788638 01052005003       6178863801052005906   01052005            
0061809562 01052005003       6180956201052005906   01052005            
0061841822 01052005008       6184182201052005906   01052005            
0061881468 01052005008       6188146801052005906   01052005            
0061918191 01052005031       6191819101052005906   01052005            
0061918191 04     20000,000$   010105200531129999
0062028297 01052005031       6202829701052005906   01052005            
0062195770 01052005010       6219577001052005906   01052005            
0062195770 04      5000,000$   010105200531129999
0062379634 01052005003       6237963401052005906   01052005            
0062534664 01052005003       6253466401052005906   01052005            
0062592818 01052005003       6259281801052005906   01052005            
0062634626 01052005003       6263462601052005906   01052005            
0062685514 01052005031       6268551401052005906   01052005            
0062685514 04     10000,000$   010105200531129999
0062740256 01052005008       6274025601052005906   01052005            
0062761008 01052005003       6276100801052005906   01052005            
0062890924 01052005005       6289092401052005906   01052005            
0062940441 01052005005       6294044101052005906   01052005            
0062940441 04     50000,000$   010105200531129999
0063037710 01052005003       6303771001052005906   01052005            
0063042811 01052005003       6304281101052005906   01052005            
0063068888 01052005003       6306888801052005906   01052005            
0063097640 01052005003       6309764001052005906   01052005            
0063097640 04     20000,000$   010105200531129999
0063168114 01052005003       6316811401052005906   01052005            
0063198110 01052005003       6319811001052005906   01052005            
0063198110 04      7000,000$   010105200531129999
0063221287 01052005003       6322128701052005906   01052005            
0063243434 01052005003       6324343401052005906   01052005            
0063246980 01052005003       6324698001052005906   01052005            
0063250937 01052005003       6325093701052005906   01052005            
0063250937 04     15000,000$   010105200531129999
0063295736 01052005005       6329573601052005906   01052005            
0063295736 04     10000,000$   010105200531129999
0063303321 01052005003       6330332101052005906   01052005            
0063549541 01052005003       6354954101052005906   01052005            
0063680516 01052005003       6368051601052005906   01052005            
0063699020 01052005003       6369902001052005906   01052005            
0063808016 01052005003       6380801601052005906   01052005            
0063906085 01052005005       6390608501052005906   01052005            
006397269K 01052005003       6397269K01052005906   01052005            
006397269K 04     15000,000$   010105200531129999
0063984744 01052005010       6398474401052005906   01052005            
0063993484 01052005008       6399348401052005906   01052005            
0063997196 01052005003       6399719601052005906   01052005            
0064005227 01052005003       6400522701052005906   01052005            
0064005227 04     10000,000$   010105200531129999
0064024361 01052005031       6402436101052005906   01052005            
0064024361 04     10000,000$   010105200531129999
0064031597 01052005031       6403159701052005906   01052005            
0064139134 01052005031       6413913401052005906   01052005            
0064346989 01052005005       6434698901052005906   01052005            
0064528475 01052005031       6452847501052005906   01052005            
0064550101 01052005005       6455010101052005906   01052005            
0064550101 04     20000,000$   010105200531129999
0064639021 01052005003       6463902101052005906   01052005            
006465005K 01052005008       6465005K01052005906   01052005            
0064685597 01052005005       6468559701052005906   01052005            
0064699113 01052005010       6469911301052005906   01052005            
0064699113 04      5000,000$   010105200531129999
006473203K 01052005031       6473203K01052005906   01052005            
0064750399 01052005010       6475039901052005906   01052005            
0064770586 01052005010       6477058601052005906   01052005            
0064843982 01052005031       6484398201052005906   01052005            
0064843982 04     10000,000$   010105200531129999
0064870416 01052005005       6487041601052005906   01052005            
0065001179 01052005010       6500117901052005906   01052005            
0065030039 01052005031       6503003901052005906   01052005            
006505504K 01052005005       6505504K01052005906   01052005            
0065063506 01052005031       6506350601052005906   01052005            
0065075164 01052005003       6507516401052005906   01052005            
0065075164 04         6,000U.F.010105200531129999
0065112094 01052005005       6511209401052005906   01052005            
0065112094 04      5000,000$   010105200531129999
0065193442 01052005031       6519344201052005906   01052005            
0065193442 04     20000,000$   010105200531129999
0065223201 01052005003       6522320101052005906   01052005            
0065307812 01052005031       6530781201052005906   01052005            
006541631K 01052005003       6541631K01052005906   01052005            
0065455471 01052005008       6545547101052005906   01052005            
0065474042 01052005003       6547404201052005906   01052005            
0065482444 01052005012       6548244401052005906   01052005            
0065482444 04     20000,000$   010105200531129999
0065719622 01052005010       6571962201052005906   01052005            
0065785676 01052005003       6578567601052005906   01052005            
0065916851 01052005003       6591685101052005906   01052005            
0066024296 01052005003       6602429601052005906   01052005            
0066066649 01052005031       6606664901052005906   01052005            
0066118916 01052005003       6611891601052005906   01052005            
0066169731 01052005003       6616973101052005906   01052005            
0066169731 04     25000,000$   010105200531129999
0066275841 01052005010       6627584101052005906   01052005            
0066411060 01052005010       6641106001052005906   01052005            
0066411060 04     20000,000$   010105200531129999
0066428249 01052005003       6642824901052005906   01052005            
0066428249 04     30000,000$   010105200531129999
0066584968 01052005008       6658496801052005906   01052005            
0066584968 04     20000,000$   010105200531129999
0066680258 01052005003       6668025801052005906   01052005            
0066922375 01052005031       6692237501052005906   01052005            
0067175646 01052005003       6717564601052005906   01052005            
0067175646 04     10000,000$   010105200531129999
0067434994 01052005008       6743499401052005906   01052005            
0067483987 01052005008       6748398701052005906   01052005            
0067558960 01052005003       6755896001052005906   01052005            
0067572483 01052005031       6757248301052005906   01052005            
0067635477 01052005031       6763547701052005906   01052005            
0067691741 01052005031       6769174101052005906   01052005            
0067700562 01052005003       6770056201052005906   01052005            
0067732170 01052005031       6773217001052005906   01052005            
0067732170 04     60000,000$   010105200531129999
0067732804 01052005003       6773280401052005906   01052005            
0067732804 04     10000,000$   010105200531129999
0067740092 01052005008       6774009201052005906   01052005            
0067740092 04     10000,000$   010105200531129999
0067757092 01052005031       6775709201052005906   01052005            
0067887913 01052005005       6788791301052005906   01052005            
0067887913 04     20000,000$   010105200531129999
0067985613 01052005031       6798561301052005906   01052005            
0067985613 04     25000,000$   010105200531129999
0068004268 01052005031       6800426801052005906   01052005            
0068004268 04    100000,000$   010105200531129999
0068022223 01052005010       6802222301052005906   01052005            
0068047641 01052005031       6804764101052005906   01052005            
0068047641 04     25000,000$   010105200531129999
0068052750 01052005005       6805275001052005906   01052005            
0068094534 01052005012       6809453401052005906   01052005            
0068148022 01052005003       6814802201052005906   01052005            
0068148022 04     10000,000$   010105200531129999
0068164281 01052005003       6816428101052005906   01052005            
0068306264 01052005031       6830626401052005906   01052005            
0068306264 04      2000,000$   010105200531129999
0068342414 01052005010       6834241401052005906   01052005            
0068399165 01052005003       6839916501052005906   01052005            
0068399165 04     30000,000$   010105200531129999
0068407443 01052005008       6840744301052005906   01052005            
0068407443 04     10000,000$   010105200531129999
0068544068 01052005003       6854406801052005906   01052005            
0068630169 01052005031       6863016901052005906   01052005            
0068811260 01052005031       6881126001052005906   01052005            
0068811260 04     25000,000$   010105200531129999
0068829666 01052005003       6882966601052005906   01052005            
0068829666 04     20000,000$   010105200531129999
0069021980 01052005003       6902198001052005906   01052005            
0069098177 01052005008       6909817701052005906   01052005            
0069098177 04     60000,000$   010105200531129999
0069116728 01052005005       6911672801052005906   01052005            
0069116728 04     10000,000$   010105200531129999
0069353282 01052005003       6935328201052005906   01052005            
0069412270 01052005008       6941227001052005906   01052005            
006942791K 01052005010       6942791K01052005906   01052005            
0069519709 01052005003       6951970901052005906   01052005            
0069519709 04     10000,000$   010105200531129999
0069695612 01052005003       6969561201052005906   01052005            
0069829333 01052005010       6982933301052005906   01052005            
0069900410 01052005031       6990041001052005906   01052005            
006997323K 01052005012       6997323K01052005906   01052005            
006997323K 04     10000,000$   010105200531129999
0070503425 01052005003       7050342501052005906   01052005            
0070503425 04     10000,000$   010105200531129999
0070654458 01052005008       7065445801052005906   01052005            
0070680882 01052005008       7068088201052005906   01052005            
0070762331 01052005003       7076233101052005906   01052005            
0070815761 01052005005       7081576101052005906   01052005            
0070815761 04      5000,000$   010105200531129999
0070991020 01052005003       7099102001052005906   01052005            
0070998289 01052005010       7099828901052005906   01052005            
0071148270 01052005008       7114827001052005906   01052005            
0071148270 04     30000,000$   010105200531129999
0071194256 01052005031       7119425601052005906   01052005            
0071194256 04     15000,000$   010105200531129999
0071221075 01052005003       7122107501052005906   01052005            
0071231704 01052005031       7123170401052005906   01052005            
0071231704 04      5000,000$   010105200531129999
0071399788 01052005008       7139978801052005906   01052005            
0071399788 04      5000,000$   010105200531129999
0071427811 01052005008       7142781101052005906   01052005            
0071429407 01052005003       7142940701052005906   01052005            
0071429407 04     20000,000$   010105200531129999
0071429652 01052005003       7142965201052005906   01052005            
0071429652 04     50000,000$   010105200531129999
0071491358 01052005010       7149135801052005906   01052005            
0071491358 04      1000,000$   010105200531129999
0071567699 01052005031       7156769901052005906   01052005            
0071595781 01052005003       7159578101052005906   01052005            
0071818624 01052005008       7181862401052005906   01052005            
0071818624 04     20000,000$   010105200531129999
0071818799 01052005031       7181879901052005906   01052005            
0071827291 01052005031       7182729101052005906   01052005            
0071827291 04     20000,000$   010105200531129999
007186281K 01052005008       7186281K01052005906   01052005            
007186281K 04     10000,000$   010105200531129999
0071876160 01052005003       7187616001052005906   01052005            
0072193466 01052005008       7219346601052005906   01052005            
0072193466 04     30000,000$   010105200531129999
0072340337 01052005008       7234033701052005906   01052005            
0072558960 01052005005       7255896001052005906   01052005            
0072605950 01052005003       7260595001052005906   01052005            
007274442K 01052005003       7274442K01052005906   01052005            
007274442K 04     50000,000$   010105200531129999
0072926625 01052005031       7292662501052005906   01052005            
0072926625 04     30000,000$   010105200531129999
0073268265 01052005008       7326826501052005906   01052005            
0073307120 01052005010       7330712001052005906   01052005            
0073307120 04      5000,000$   010105200531129999
0073314348 01052005008       7331434801052005906   01052005            
0073314348 04         2,500%   010105200531129999
0073351588 01052005010       7335158801052005906   01052005            
0073355559 01052005010       7335555901052005906   01052005            
0073355559 04     10000,000$   010105200531129999
0073360749 01052005008       7336074901052005906   01052005            
0073360749 04     30000,000$   010105200531129999
0073526426 01052005031       7352642601052005906   01052005            
0073548179 01052005003       7354817901052005906   01052005            
007375433K 01052005012       7375433K01052005906   01052005            
0073824591 01052005010       7382459101052005906   01052005            
0073851289 01052005003       7385128901052005906   01052005            
0073851289 04     40000,000$   010105200531129999
0073909023 01052005003       7390902301052005906   01052005            
0073972523 01052005003       7397252301052005906   01052005            
0073985099 01052005010       7398509901052005906   01052005            
0073985099 04     10000,000$   010105200531129999
0074072410 01052005003       7407241001052005906   01052005            
0074079644 01052005003       7407964401052005906   01052005            
0074225527 01052005010       7422552701052005906   01052005            
0074247385 01052005008       7424738501052005906   01052005            
0074264441 01052005008       7426444101052005906   01052005            
007426445K 01052005008       7426445K01052005906   01052005            
0074286380 01052005003       7428638001052005906   01052005            
0074331998 01052005031       7433199801052005906   01052005            
0074500560 01052005003       7450056001052005906   01052005            
0074500560 04     15000,000$   010105200531129999
0074586716 01052005003       7458671601052005906   01052005            
0074586716 04     20000,000$   010105200531129999
0074648517 01052005010       7464851701052005906   01052005            
007505520K 01052005008       7505520K01052005906   01052005            
007505520K 04      5000,000$   010105200531129999
0075088221 01052005012       7508822101052005906   01052005            
0075533659 01052005003       7553365901052005906   01052005            
0075533659 04     20000,000$   010105200531129999
0075562209 01052005003       7556220901052005906   01052005            
0075562209 04     50000,000$   010105200531129999
0075564147 01052005008       7556414701052005906   01052005            
0075564147 04     50000,000$   010105200531129999
0075571038 01052005008       7557103801052005906   01052005            
0075571038 04     15000,000$   010105200531129999
0075571321 01052005005       7557132101052005906   01052005            
0075609957 01052005005       7560995701052005906   01052005            
0075609957 04     10000,000$   010105200531129999
0075901518 01052005031       7590151801052005906   01052005            
0075901518 04     15000,000$   010105200531129999
0075973896 01052005003       7597389601052005906   01052005            
0075985274 01052005005       7598527401052005906   01052005            
0075986572 01052005003       7598657201052005906   01052005            
0075986572 04     30000,000$   010105200531129999
0075990871 01052005003       7599087101052005906   01052005            
0075990871 04     50000,000$   010105200531129999
0076040826 01052005012       7604082601052005906   01052005            
0076127646 01052005003       7612764601052005906   01052005            
0076287996 01052005031       7628799601052005906   01052005            
0076337128 01052005010       7633712801052005906   01052005            
0076467889 01052005003       7646788901052005906   01052005            
007647432K 01052005010       7647432K01052005906   01052005            
007647432K 04         5,000U.F.010105200531129999
0076663017 01052005003       7666301701052005906   01052005            
0076671834 01052005031       7667183401052005906   01052005            
0076689008 01052005008       7668900801052005906   01052005            
007671195K 01052005008       7671195K01052005906   01052005            
0076934495 01052005005       7693449501052005906   01052005            
0076993556 01052005010       7699355601052005906   01052005            
0077011625 01052005003       7701162501052005906   01052005            
0077011625 04     10000,000$   010105200531129999
0077057994 01052005031       7705799401052005906   01052005            
0077291814 01052005003       7729181401052005906   01052005            
0077291814 04     30000,000$   010105200531129999
0077314474 01052005003       7731447401052005906   01052005            
0077490183 01052005012       7749018301052005906   01052005            
0077505415 01052005031       7750541501052005906   01052005            
0077505415 04     25000,000$   010105200531129999
0077616535 01052005003       7761653501052005906   01052005            
0077638326 01052005031       7763832601052005906   01052005            
0077638326 04     20000,000$   010105200531129999
0077639675 01052005003       7763967501052005906   01052005            
0077639675 04      3000,000$   010105200531129999
0077667318 01052005008       7766731801052005906   01052005            
0077667318 04      1500,000$   010105200531129999
0077682031 01052005003       7768203101052005906   01052005            
0077682031 04      5000,000$   010105200531129999
0077900926 01052005003       7790092601052005906   01052005            
0077959505 01052005003       7795950501052005906   01052005            
0077959505 04      3000,000$   010105200531129999
0077976353 01052005008       7797635301052005906   01052005            
0077976353 04     10000,000$   010105200531129999
0078217138 01052005031       7821713801052005906   01052005            
0078227362 01052005031       7822736201052005906   01052005            
007829678K 01052005008       7829678K01052005906   01052005            
0078307110 01052005008       7830711001052005906   01052005            
0078307110 04     25000,000$   010105200531129999
007852278K 01052005003       7852278K01052005906   01052005            
007852278K 04     30000,000$   010105200531129999
0078670231 01052005031       7867023101052005906   01052005            
0078726210 01052005003       7872621001052005906   01052005            
0078744189 01052005003       7874418901052005906   01052005            
0078810602 01052005003       7881060201052005906   01052005            
0078879203 01052005010       7887920301052005906   01052005            
0078879203 04     20000,000$   010105200531129999
0078937246 01052005008       7893724601052005906   01052005            
0078937246 04      5000,000$   010105200531129999
0078996757 01052005008       7899675701052005906   01052005            
0078996757 04     10000,000$   010105200531129999
0079034797 01052005008       7903479701052005906   01052005            
0079093041 01052005008       7909304101052005906   01052005            
0079129860 01052005003       7912986001052005906   01052005            
0079129879 01052005008       7912987901052005906   01052005            
0079129879 04         3,000U.F.010105200531129999
0079144886 01052005031       7914488601052005906   01052005            
0079144886 04     10000,000$   010105200531129999
0079179140 01052005008       7917914001052005906   01052005            
0079286273 01052005008       7928627301052005906   01052005            
0079286273 04      5000,000$   010105200531129999
0079350680 01052005005       7935068001052005906   01052005            
0079426008 01052005008       7942600801052005906   01052005            
007949173K 01052005010       7949173K01052005906   01052005            
007961159K 01052005008       7961159K01052005906   01052005            
0079643327 01052005008       7964332701052005906   01052005            
0079643327 04     10000,000$   010105200531129999
0079691577 01052005003       7969157701052005906   01052005            
007971027K 01052005008       7971027K01052005906   01052005            
0079788821 01052005003       7978882101052005906   01052005            
0079788821 04         2,000U.F.010105200531129999
0079798606 01052005008       7979860601052005906   01052005            
0079901040 01052005031       7990104001052005906   01052005            
0079927546 01052005008       7992754601052005906   01052005            
0079933066 01052005031       7993306601052005906   01052005            
0080176171 01052005031       8017617101052005906   01052005            
0080190832 01052005010       8019083201052005906   01052005            
0080235984 01052005003       8023598401052005906   01052005            
0080235984 04     35000,000$   010105200531129999
0080311192 01052005031       8031119201052005906   01052005            
0080311192 04     30000,000$   010105200531129999
0080376669 01052005003       8037666901052005906   01052005            
0080538715 01052005031       8053871501052005906   01052005            
0080585837 01052005003       8058583701052005906   01052005            
0080585837 04     25000,000$   010105200531129999
008059867K 01052005003       8059867K01052005906   01052005            
008059867K 04     20000,000$   010105200531129999
0080667159 01052005003       8066715901052005906   01052005            
0080712987 01052005031       8071298701052005906   01052005            
0080712987 04     10000,000$   010105200531129999
008071551K 01052005003       8071551K01052005906   01052005            
008071551K 04      5000,000$   010105200531129999
0080841078 01052005003       8084107801052005906   01052005            
0080841078 04     20000,000$   010105200531129999
0080856121 01052005003       8085612101052005906   01052005            
0080904819 01052005008       8090481901052005906   01052005            
0080904819 04     25000,000$   010105200531129999
0080905602 01052005005       8090560201052005906   01052005            
0080905602 04     10000,000$   010105200531129999
0080936869 01052005008       8093686901052005906   01052005            
0080936869 04     25000,000$   010105200531129999
0080939965 01052005003       8093996501052005906   01052005            
0080939965 04     30000,000$   010105200531129999
0080958374 01052005003       8095837401052005906   01052005            
0080990383 01052005003       8099038301052005906   01052005            
0080994060 01052005031       8099406001052005906   01052005            
0080994060 04      3000,000$   010105200531129999
0081041571 01052005008       8104157101052005906   01052005            
008130520K 01052005003       8130520K01052005906   01052005            
008130520K 04      5000,000$   010105200531129999
0081373396 01052005008       8137339601052005906   01052005            
0081385289 01052005003       8138528901052005906   01052005            
0081385289 04     50000,000$   010105200531129999
0081393699 01052005010       8139369901052005906   01052005            
0081415382 01052005031       8141538201052005906   01052005            
0081479089 01052005003       8147908901052005906   01052005            
0081479089 04     40000,000$   010105200531129999
0081551391 01052005003       8155139101052005906   01052005            
0081571716 01052005003       8157171601052005906   01052005            
0081613702 01052005005       8161370201052005906   01052005            
0081620407 01052005008       8162040701052005906   01052005            
0081620407 04      2000,000$   010105200531129999
0081656320 01052005008       8165632001052005906   01052005            
0081725853 01052005031       8172585301052005906   01052005            
0081725853 04      3000,000$   010105200531129999
0081873593 01052005005       8187359301052005906   01052005            
0081888175 01052005031       8188817501052005906   01052005            
0081959242 01052005008       8195924201052005906   01052005            
0081959242 04     15000,000$   010105200531129999
008208827K 01052005031       8208827K01052005906   01052005            
008208827K 04     70000,000$   010105200531129999
0082147535 01052005003       8214753501052005906   01052005            
0082147535 04     30000,000$   010105200531129999
0082235833 01052005010       8223583301052005906   01052005            
0082236627 01052005003       8223662701052005906   01052005            
0082265902 01052005003       8226590201052005906   01052005            
0082265902 04      5000,000$   010105200531129999
0082343121 01052005003       8234312101052005906   01052005            
0082343121 04     20000,000$   010105200531129999
0082381511 01052005003       8238151101052005906   01052005            
0082381511 04         1,000U.F.010105200531129999
0082534180 01052005008       8253418001052005906   01052005            
0082643184 01052005003       8264318401052005906   01052005            
0082726055 01052005003       8272605501052005906   01052005            
0082811850 01052005010       8281185001052005906   01052005            
0082812059 01052005031       8281205901052005906   01052005            
0082812059 04     40000,000$   010105200531129999
0082849939 01052005008       8284993901052005906   01052005            
0082868690 01052005010       8286869001052005906   01052005            
008301170K 01052005003       8301170K01052005906   01052005            
008301170K 04     50000,000$   010105200531129999
0083018844 01052005010       8301884401052005906   01052005            
0083028270 01052005031       8302827001052005906   01052005            
0083028270 04     25000,000$   010105200531129999
0083043369 01052005010       8304336901052005906   01052005            
0083098171 01052005003       8309817101052005906   01052005            
0083188065 01052005008       8318806501052005906   01052005            
0083472782 01052005003       8347278201052005906   01052005            
0083472782 04     15000,000$   010105200531129999
0083648023 01052005005       8364802301052005906   01052005            
0083752661 01052005003       8375266101052005906   01052005            
0083752661 04     40000,000$   010105200531129999
0083836938 01052005003       8383693801052005906   01052005            
0083836938 04      5000,000$   010105200531129999
0083943203 01052005010       8394320301052005906   01052005            
0083973625 01052005003       8397362501052005906   01052005            
0084053619 01052005031       8405361901052005906   01052005            
0084053619 04     50000,000$   010105200531129999
0084335657 01052005012       8433565701052005906   01052005            
008434348K 01052005010       8434348K01052005906   01052005            
008434348K 04     40000,000$   010105200531129999
0084365882 01052005031       8436588201052005906   01052005            
0084365882 04         1,500U.F.010105200531129999
0084488739 01052005003       8448873901052005906   01052005            
0084488739 04     20000,000$   010105200531129999
0084517518 01052005005       8451751801052005906   01052005            
0084824372 01052005003       8482437201052005906   01052005            
0085080091 01052005031       8508009101052005906   01052005            
008523370K 01052005031       8523370K01052005906   01052005            
0085288431 01052005008       8528843101052005906   01052005            
0085289950 01052005010       8528995001052005906   01052005            
0085289950 04      5000,000$   010105200531129999
008557230K 01052005031       8557230K01052005906   01052005            
0085699601 01052005010       8569960101052005906   01052005            
0085911848 01052005003       8591184801052005906   01052005            
0085911848 04     10000,000$   010105200531129999
0086052687 01052005010       8605268701052005906   01052005            
0086054531 01052005031       8605453101052005906   01052005            
0086054531 04     10000,000$   010105200531129999
0086086700 01052005010       8608670001052005906   01052005            
0086093642 01052005003       8609364201052005906   01052005            
0086098652 01052005008       8609865201052005906   01052005            
0086098652 04      3000,000$   010105200531129999
0086178362 01052005010       8617836201052005906   01052005            
0086320142 01052005003       8632014201052005906   01052005            
0086417200 01052005008       8641720001052005906   01052005            
0086417200 04      5000,000$   010105200531129999
0086541483 01052005003       8654148301052005906   01052005            
0086725649 01052005003       8672564901052005906   01052005            
0086845512 01052005010       8684551201052005906   01052005            
0086852489 01052005          8685248901052005906   01052005            
0087006379 01052005003       8700637901052005906   01052005            
008708731K 01052005003       8708731K01052005906   01052005            
008708731K 04     40000,000$   010105200531129999
0087222179 01052005003       8722217901052005906   01052005            
0087222179 04     20000,000$   010105200531129999
0087283577 01052005003       8728357701052005906   01052005            
0087311651 01052005003       8731165101052005906   01052005            
0087311651 04     15000,000$   010105200531129999
0087321347 01052005012       8732134701052005906   01052005            
0087451992 01052005010       8745199201052005906   01052005            
0087451992 04     35000,000$   010105200531129999
0087463230 01052005010       8746323001052005906   01052005            
0087593002 01052005008       8759300201052005906   01052005            
0087662934 01052005010       8766293401052005906   01052005            
0087778150 01052005005       8777815001052005906   01052005            
0087778150 04     20000,000$   010105200531129999
0087880982 01052005010       8788098201052005906   01052005            
0087982688 01052005010       8798268801052005906   01052005            
0088017846 01052005003       8801784601052005906   01052005            
0088017846 04     15000,000$   010105200531129999
0088042948 01052005008       8804294801052005906   01052005            
0088042948 04     10000,000$   010105200531129999
0088157168 01052005003       8815716801052005906   01052005            
0088157168 04       980,000$   010105200531129999
0088305191 01052005008       8830519101052005906   01052005            
0088367219 01052005012       8836721901052005906   01052005            
008839447K 01052005003       8839447K01052005906   01052005            
008839447K 04     40000,000$   010105200531129999
008841439K 01052005008       8841439K01052005906   01052005            
0088444221 01052005010       8844422101052005906   01052005            
0088487842 01052005031       8848784201052005906   01052005            
0088540077 01052005003       8854007701052005906   01052005            
0088592182 01052005008       8859218201052005906   01052005            
0088629566 01052005031       8862956601052005906   01052005            
0088629566 04     10000,000$   010105200531129999
0088746015 01052005008       8874601501052005906   01052005            
0088804287 01052005008       8880428701052005906   01052005            
0088804287 04     10000,000$   010105200531129999
0089028094 01052005010       8902809401052005906   01052005            
0089028094 04     10000,000$   010105200531129999
0089111544 01052005010       8911154401052005906   01052005            
0089111544 04      5000,000$   010105200531129999
0089180376 01052005031       8918037601052005906   01052005            
0089195594 01052005031       8919559401052005906   01052005            
0089208343 01052005010       8920834301052005906   01052005            
008923655K 01052005003       8923655K01052005906   01052005            
008923655K 04     50000,000$   010105200531129999
008929911K 01052005005       8929911K01052005906   01052005            
008929911K 04      8000,000$   010105200531129999
0089373239 01052005003       8937323901052005906   01052005            
0089373239 04     15000,000$   010105200531129999
0089377447 01052005010       8937744701052005906   01052005            
0089377447 04     10000,000$   010105200531129999
0089407117 01052005031       8940711701052005906   01052005            
0089546699 01052005010       8954669901052005906   01052005            
0089546699 04     20000,000$   010105200531129999
0089817153 01052005003       8981715301052005906   01052005            
0089974364 01052005010       8997436401052005906   01052005            
009013440K 01052005008       9013440K01052005906   01052005            
009013440K 04      5000,000$   010105200531129999
0090153382 01052005008       9015338201052005906   01052005            
0090170376 01052005008       9017037601052005906   01052005            
0090217801 01052005031       9021780101052005906   01052005            
0090217801 04     10000,000$   010105200531129999
0090219367 01052005010       9021936701052005906   01052005            
0090232711 01052005003       9023271101052005906   01052005            
0090232711 04     10000,000$   010105200531129999
0090234498 01052005008       9023449801052005906   01052005            
0090234498 04         5,000U.F.010105200531129999
0090372513 01052005010       9037251301052005906   01052005            
0090489143 01052005008       9048914301052005906   01052005            
0090489143 04     15000,000$   010105200531129999
0090514598 01052005031       9051459801052005906   01052005            
0090514598 04     10000,000$   010105200531129999
0090524682 01052005008       9052468201052005906   01052005            
0090670484 01052005008       9067048401052005906   01052005            
0090690930 01052005031       9069093001052005906   01052005            
0090690930 04     15000,000$   010105200531129999
0090742884 01052005008       9074288401052005906   01052005            
0090743996 01052005003       9074399601052005906   01052005            
0090858645 01052005003       9085864501052005906   01052005            
0091011891 01052005003       9101189101052005906   01052005            
0091011891 04     10000,000$   010105200531129999
0091012278 01052005005       9101227801052005906   01052005            
0091012278 04     25000,000$   010105200531129999
0091028824 01052005003       9102882401052005906   01052005            
0091081229 01052005031       9108122901052005906   01052005            
0091125811 01052005031       9112581101052005906   01052005            
0091140829 01052005031       9114082901052005906   01052005            
0091140829 04     15000,000$   010105200531129999
0091329891 01052005008       9132989101052005906   01052005            
0091421585 01052005005       9142158501052005906   01052005            
0091474840 01052005003       9147484001052005906   01052005            
0091474840 04     15000,000$   010105200531129999
0091620928 01052005008       9162092801052005906   01052005            
0091620928 04     20000,000$   010105200531129999
0091647117 01052005003       9164711701052005906   01052005            
0091681358 01052005008       9168135801052005906   01052005            
0091681358 04     15000,000$   010105200531129999
0091770822 01052005005       9177082201052005906   01052005            
0091805790 01052005031       9180579001052005906   01052005            
0091882728 01052005010       9188272801052005906   01052005            
0091961040 01052005012       9196104001052005906   01052005            
0091996421 01052005031       9199642101052005906   01052005            
0091996421 04     10000,000$   010105200531129999
009200161K 01052005031       9200161K01052005906   01052005            
0092219801 01052005010       9221980101052005906   01052005            
0092225666 01052005003       9222566601052005906   01052005            
0092225666 04     10000,000$   010105200531129999
0092321576 01052005003       9232157601052005906   01052005            
0092321576 04     50000,000$   010105200531129999
0092339904 01052005010       9233990401052005906   01052005            
0092477681 01052005005       9247768101052005906   01052005            
0092480933 01052005010       9248093301052005906   01052005            
0092697738 01052005010       9269773801052005906   01052005            
0092697738 04      5000,000$   010105200531129999
0092749223 01052005005       9274922301052005906   01052005            
0092764362 01052005010       9276436201052005906   01052005            
0092764362 04     10000,000$   010105200531129999
0092861260 01052005031       9286126001052005906   01052005            
0092861260 04     10000,000$   010105200531129999
0092896609 01052005008       9289660901052005906   01052005            
0092903036 01052005008       9290303601052005906   01052005            
0092905780 01052005003       9290578001052005906   01052005            
0093015312 01052005010       9301531201052005906   01052005            
0093174151 01052005010       9317415101052005906   01052005            
0093238788 01052005003       9323878801052005906   01052005            
0093252152 01052005005       9325215201052005906   01052005            
0093290232 01052005031       9329023201052005906   01052005            
0093600452 01052005010       9360045201052005906   01052005            
0093600452 04     25000,000$   010105200531129999
0093633024 01052005031       9363302401052005906   01052005            
0093633024 04     10000,000$   010105200531129999
0093702417 01052005031       9370241701052005906   01052005            
0093909771 01052005003       9390977101052005906   01052005            
0093909771 04     25000,000$   010105200531129999
0093991419 01052005031       9399141901052005906   01052005            
0093991419 04     10000,000$   010105200531129999
009399485K 01052005003       9399485K01052005906   01052005            
0094231523 01052005031       9423152301052005906   01052005            
009426006K 01052005003       9426006K01052005906   01052005            
009426006K 04      3000,000$   010105200531129999
0094296528 01052005010       9429652801052005906   01052005            
0094296528 04     10000,000$   010105200531129999
0094310776 01052005003       9431077601052005906   01052005            
0094355737 01052005031       9435573701052005906   01052005            
0094410150 01052005008       9441015001052005906   01052005            
0094429269 01052005010       9442926901052005906   01052005            
0094585554 01052005031       9458555401052005906   01052005            
0094585554 04     50000,000$   010105200531129999
0094590809 01052005005       9459080901052005906   01052005            
0094645352 01052005003       9464535201052005906   01052005            
0094645352 04     10000,000$   010105200531129999
0094664489 01052005031       9466448901052005906   01052005            
0094664489 04     40000,000$   010105200531129999
0094664594 01052005008       9466459401052005906   01052005            
0094667879 01052005008       9466787901052005906   01052005            
0094667879 04     20000,000$   010105200531129999
0094670101 01052005010       9467010101052005906   01052005            
0095075495 01052005031       9507549501052005906   01052005            
0095075495 04      5000,000$   010105200531129999
009514800K 01052005031       9514800K01052005906   01052005            
009514800K 04     20000,000$   010105200531129999
0095158196 01052005010       9515819601052005906   01052005            
0095259332 01052005008       9525933201052005906   01052005            
0095372082 01052005008       9537208201052005906   01052005            
0095400558 01052005031       9540055801052005906   01052005            
0095418465 01052005031       9541846501052005906   01052005            
0095615961 01052005008       9561596101052005906   01052005            
0095615961 04     25000,000$   010105200531129999
0095632661 01052005005       9563266101052005906   01052005            
0095632661 04     30000,000$   010105200531129999
0095647367 01052005003       9564736701052005906   01052005            
0095667430 01052005008       9566743001052005906   01052005            
0096388594 01052005008       9638859401052005906   01052005            
0096438478 01052005031       9643847801052005906   01052005            
0096495013 01052005010       9649501301052005906   01052005            
0096495013 04     25000,000$   010105200531129999
0096855737 01052005005       9685573701052005906   01052005            
0096855737 04     10000,000$   010105200531129999
0096864884 01052005031       9686488401052005906   01052005            
0096864884 04     10000,000$   010105200531129999
0097054509 01052005003       9705450901052005906   01052005            
0097345627 01052005003       9734562701052005906   01052005            
0097652627 01052005031       9765262701052005906   01052005            
0097746826 01052005008       9774682601052005906   01052005            
0097755396 01052005008       9775539601052005906   01052005            
0097755396 04     20000,000$   010105200531129999
009780592K 01052005003       9780592K01052005906   01052005            
009780592K 04     15000,000$   010105200531129999
0097813221 01052005010       9781322101052005906   01052005            
0097813221 04     15000,000$   010105200531129999
009789261K 01052005031       9789261K01052005906   01052005            
0097896305 01052005031       9789630501052005906   01052005            
0097896305 04     10000,000$   010105200531129999
0097925062 01052005008       9792506201052005906   01052005            
0097998256 01052005008       9799825601052005906   01052005            
0097998256 04      3000,000$   010105200531129999
0098001042 01052005003       9800104201052005906   01052005            
0098001042 04     50000,000$   010105200531129999
0098122400 01052005003       9812240001052005906   01052005            
0098149740 01052005010       9814974001052005906   01052005            
0098149740 04     15000,000$   010105200531129999
0098194568 01052005031       9819456801052005906   01052005            
0098245634 01052005003       9824563401052005906   01052005            
0098245634 04     20000,000$   010105200531129999
0098267395 01052005010       9826739501052005906   01052005            
0098350284 01052005008       9835028401052005906   01052005            
0098350373 01052005010       9835037301052005906   01052005            
0098350373 04      2000,000$   010105200531129999
0098363831 01052005003       9836383101052005906   01052005            
009839124K 01052005003       9839124K01052005906   01052005            
0098437339 01052005008       9843733901052005906   01052005            
0098447016 01052005010       9844701601052005906   01052005            
0098447016 04     10000,000$   010105200531129999
0098469583 01052005003       9846958301052005906   01052005            
0098469583 04     15000,000$   010105200531129999
0098489746 01052005003       9848974601052005906   01052005            
0098600620 01052005008       9860062001052005906   01052005            
0098601228 01052005003       9860122801052005906   01052005            
0098640142 01052005003       9864014201052005906   01052005            
0098640142 04      5000,000$   010105200531129999
009879221K 01052005010       9879221K01052005906   01052005            
009879221K 04     10000,000$   010105200531129999
0098854568 01052005003       9885456801052005906   01052005            
0098854568 04      7000,000$   010105200531129999
0098870822 01052005008       9887082201052005906   01052005            
0098885900 01052005008       9888590001052005906   01052005            
0099286156 01052005003       9928615601052005906   01052005            
0099286156 04     20000,000$   010105200531129999
009929423K 01052005008       9929423K01052005906   01052005            
009929423K 04     15000,000$   010105200531129999
0099312297 01052005010       9931229701052005906   01052005            
0099312297 04     10000,000$   010105200531129999
0099441399 01052005003       9944139901052005906   01052005            
0099441399 04     30000,000$   010105200531129999
0099513853 01052005003       9951385301052005906   01052005            
0099854162 01052005031       9985416201052005906   01052005            
